  0.920791   0.358868   0.152833 -0.0135095
  0.156664  -0.699089   0.697661   0.463299
  0.357212  -0.618457  -0.699936   0.589826
         0          0          0          1

  0.267771 -0.0152901   0.963361   0.189231
 -0.731624  -0.653823   0.192981  0.0846965
  0.626917  -0.756493  -0.186261    0.55979
         0          0          0          1

    0.25826   -0.919949   -0.294951  -0.0122291
   0.610034    0.392033   -0.688599   -0.178426
   0.749107 -0.00209214    0.662446     0.90302
          0           0           0           1

-0.858462 -0.456476  0.233823 0.0411276
 0.141508  0.227397  0.963466  0.229354
-0.492969  0.860186 -0.130617  0.546901
        0         0         0         1

-0.254489 -0.960896  0.109149  0.010589
 0.094938 0.0874966  0.991631   0.33682
-0.962404  0.262722 0.0689586  0.878204
        0         0         0         1

 0.642371  0.741825 -0.192496 -0.117201
  0.11045  0.158941  0.981091  0.189884
 0.758393 -0.651485 0.0201648  0.849621
        0         0         0         1

-0.173739  0.852585  0.492863  0.134447
 0.441542 -0.379911   0.81284  0.288112
 0.880259  0.358841 -0.310447  0.575766
        0         0         0         1

    0.5178  -0.251784  -0.817611  0.0348639
  0.830894 -0.0795581   0.550713   0.154271
 -0.203708  -0.964508   0.168011    1.05395
         0          0          0          1

 -0.533437   0.738983   0.411519   0.121373
  0.614966 0.00479894   0.788539   0.437699
  0.580743   0.673707  -0.457009   0.593291
         0          0          0          1

 -0.146807   0.613267   0.776113   0.167665
 -0.985528  -0.157911 -0.0616415   0.179091
 0.0847539   -0.77393   0.627574     1.0744
         0          0          0          1

   0.995659  -0.0928917 -0.00589705   0.0375357
  0.0388854    0.357558    0.933081     0.23887
 -0.0845669    -0.92926    0.359617    0.949225
          0           0           0           1

  0.427446   0.705719  -0.565022  -0.190865
  0.569543  -0.695585  -0.437929 -0.0155797
 -0.702076  -0.134614  -0.699263   0.728302
         0          0          0          1

  0.854224  0.0936446  -0.511402 -0.0685328
 -0.318094    0.87219   -0.37162  -0.121797
  0.411239   0.480121   0.774833    1.11708
         0          0          0          1

     0.36606     0.930438    0.0169019    0.0879184
   0.0473288 -0.000475324    -0.998879    -0.214153
   -0.929387      0.36645   -0.0442105     0.727905
           0            0            0            1

 0.441221  0.625299 -0.643681 -0.204453
 0.885827 -0.418291  0.200859  0.268681
-0.143649 -0.658813 -0.738465  0.708287
        0         0         0         1

-0.382271 -0.539566  0.750159  0.249334
-0.899695  0.402488 -0.168975  0.252816
-0.210757 -0.739508 -0.639304  0.576274
        0         0         0         1

-0.0853591   0.803184  -0.589584  -0.375055
 -0.995955 -0.0854398  0.0277992   0.157324
-0.0280461   0.589573   0.807228   0.925049
         0          0          0          1

   -0.782735    -0.622354 -0.000918951   -0.0277216
    0.619428    -0.778911   -0.0980083    -0.234466
     0.06028   -0.0772838     0.995185      1.00786
           0            0            0            1

 0.502249  0.726023 -0.469719 -0.292347
-0.592819  0.684553  0.424207  0.261963
 0.629532 0.0654009  0.774217   0.93745
        0         0         0         1

 0.394792 -0.318972 -0.861624 -0.192129
-0.362463  -0.91581  0.172953  0.133341
-0.844251  0.244027  -0.47717  0.611432
        0         0         0         1

0.0631699 -0.917631 -0.392381 0.0373641
-0.230789 -0.395941  0.888801   0.46028
-0.970951 0.0344116  -0.23679  0.788781
        0         0         0         1

  0.869543   0.106784  -0.482175 -0.0250512
-0.0221104  -0.966947  -0.254017  0.0493594
 -0.493363   0.231539  -0.838441    0.42939
         0          0          0          1

 0.171455   0.91585 -0.363074 0.0319262
  0.37417  0.280383  0.883958  0.193777
 0.911373  -0.28741  -0.29461  0.591909
        0         0         0         1

   0.896262 -0.00058462   -0.443525   -0.215387
  -0.335498   -0.654962   -0.677101   -0.230053
  -0.290096    0.755661   -0.587214    0.785484
          0           0           0           1

-0.686745 -0.314588 -0.655299 -0.144897
 0.681065 0.0365799 -0.731308 -0.143937
 0.254031 -0.948523  0.189134  0.755574
        0         0         0         1

 0.651876  -0.65205  0.387154  0.266637
-0.715094 -0.698481 0.0276579  0.254857
 0.252385 -0.294881   -0.9216  0.490035
        0         0         0         1

-0.613478 -0.540978 -0.575316 0.0913787
 0.763734 -0.591746 -0.257968 0.0543702
-0.200886 -0.597646  0.776186   1.05209
        0         0         0         1

 -0.122207  -0.626646   0.769662    0.24951
 -0.649033   -0.53623  -0.539643 -0.0659524
  0.750881  -0.565484  -0.341183    0.55103
         0          0          0          1

-0.847754  0.280175  0.450349 0.0285771
 0.520992  0.599012  0.608072  0.220354
-0.0993976  0.750124 -0.653784  0.433654
        0         0         0         1

-0.165777  0.693124 -0.701496 -0.371552
 0.510191 -0.548466 -0.662488 -0.132531
-0.843933 -0.467722 -0.262703  0.701778
        0         0         0         1

0.0299463  0.676492  0.735841  0.270067
-0.722048 -0.494425  0.483932  0.209137
 0.691195 -0.545804  0.473653   0.82425
        0         0         0         1

-0.0252608  0.117231 -0.992783 -0.353058
 -0.99958 0.0111149 0.0267463  0.194113
0.0141702  0.993042  0.116901  0.943197
        0         0         0         1

-0.383769 0.0219782  0.923168  0.251056
 0.686568 -0.661757  0.301167  0.216522
 0.617532  0.749396  0.238872  0.714475
        0         0         0         1

-0.739725 -0.666767  0.090713  0.162916
 0.672067 -0.725307  0.149187  0.229491
-0.0336783  0.171322  0.984639  0.972992
        0         0         0         1

-0.797714 -0.446846  0.404946  0.300535
-0.304958 -0.280395 -0.910153 -0.213987
 0.520244 -0.849533 0.0874057  0.721692
        0         0         0         1

 0.393635  0.408041 -0.823744 -0.184819
 0.368215 -0.891049 -0.265424 0.0468164
  -0.8423 -0.198835 -0.500995  0.595792
        0         0         0         1

 -0.492235  -0.854702  -0.164888 0.00726634
 -0.565042   0.457832   -0.68638 -0.0909486
  0.662142  -0.244691  -0.708304   0.465465
         0          0          0          1

 -0.983448  0.0889698   0.157841 -0.0197751
  0.116035   0.978323   0.171522 -0.0177742
 -0.139159   0.186998  -0.972454   0.583553
         0          0          0          1

-0.309445 -0.405355  0.860193  0.356598
 0.582132  0.634526  0.508428  0.353256
-0.751908  0.658076 0.0396193  0.892825
        0         0         0         1

 0.904333 -0.415091 0.0994075  0.133101
 0.388403  0.896865  0.211606  0.142693
-0.176991 -0.152752  0.972286   1.14632
        0         0         0         1

  -0.885643    0.419009    0.200173    0.197815
  -0.458462   -0.857498   -0.233471 -0.00187039
  0.0738212   -0.298544    0.951537    0.980481
          0           0           0           1

-0.476708 -0.622368  0.620812  0.247849
-0.313599 -0.539352 -0.781509 -0.266182
 0.821222 -0.567237 0.0619397  0.693031
        0         0         0         1

  -0.63491   0.760289  -0.137293  0.0318287
  0.740612   0.548353  -0.388334 -0.0813533
 -0.219961  -0.348238  -0.911234   0.640293
         0          0          0          1

    0.426625    -0.727779    -0.536963 -8.91759e-05
   -0.705305    -0.639366     0.306197     0.375834
   -0.566159     0.248092    -0.786075      0.65648
           0            0            0            1

-0.827091 -0.450144 -0.336587 0.0376522
-0.211235    -0.306  0.928302  0.363449
-0.520865  0.838889  0.158003  0.820535
        0         0         0         1

 -0.246734   0.968111  0.0434085   0.193263
 -0.946334  -0.250348   0.204397   0.270333
  0.208746 0.00935274   0.977925   0.974432
         0          0          0          1

  0.442706   0.422608  -0.790831 -0.0617685
  -0.18047  -0.821925   -0.54025  -0.107361
 -0.878318   0.381893  -0.287603   0.863078
         0          0          0          1

 0.192258 -0.874485  0.445324  0.107455
 0.598707  -0.25503 -0.759282 -0.160966
 0.777552  0.412597  0.474528  0.910882
        0         0         0         1

-0.550546 -0.299739 -0.779137 -0.141612
 0.803289 0.0638143 -0.592162 -0.176759
 0.227214 -0.951884  0.205644  0.853308
        0         0         0         1

   0.50726   0.787319  -0.350452 -0.0618737
  0.794155  -0.584973  -0.164694 -0.0247176
 -0.334672   -0.19477  -0.921987   0.602962
         0          0          0          1

  0.939354     0.3405 -0.0409056   0.108766
 -0.211906   0.482495  -0.849879  -0.217791
 -0.269647   0.807006   0.525387   0.801192
         0          0          0          1

 0.645451  -0.72744  0.232863  0.318966
 0.382943  0.044413 -0.922704 -0.140335
 0.660869  0.684733  0.307235  0.640515
        0         0         0         1

-0.633135  0.721758  0.279654 -0.142252
-0.123096 -0.450579  0.884209  0.410771
 0.764191  0.525399  0.374122  0.750324
        0         0         0         1

 -0.772921  -0.583057  -0.250277 0.00313718
  0.406696  -0.152484  -0.900748  -0.164038
  0.487024  -0.797993   0.354984   0.973594
         0          0          0          1

  0.890137   0.449517 -0.0747647 0.00662301
 -0.312527   0.721612    0.61774   0.471872
  0.331636  -0.526508    0.78282   0.870115
         0          0          0          1

-0.567923  0.672352  0.474769  0.203854
-0.461166 -0.737707  0.493065  0.287061
 0.681754 0.0610755  0.729027  0.808662
        0         0         0         1

  0.57052  0.166613 -0.804206 -0.176595
 0.429638 -0.895078  0.119355  0.130205
-0.699941 -0.413612 -0.582243  0.549378
        0         0         0         1

 -0.379442   0.821934  -0.424792  -0.312524
  0.687462 -0.0568113  -0.723994  -0.131334
 -0.619208  -0.566743  -0.543492   0.687148
         0          0          0          1

-0.167149 -0.900384 -0.401709  0.120238
 0.576372 -0.419803  0.701114  0.305227
-0.799911 -0.114344  0.589125  0.986377
        0         0         0         1

 0.678936 -0.324308  0.658688  0.259127
-0.733975  -0.27774  0.619791  0.359758
-0.018059 -0.904259 -0.426601  0.559256
        0         0         0         1

 -0.463417   0.429048  -0.775346 -0.0425619
 -0.601952   0.489691   0.630758   0.341597
  0.650306   0.759026  0.0313352   0.863062
         0          0          0          1

-0.118478  0.640992  0.758349 0.0227289
-0.603091 -0.653173  0.457871  0.355304
 0.788825 -0.403106  0.463963  0.777234
        0         0         0         1

-0.938722  0.216599  0.268116  0.114239
 0.148182  0.955933 -0.253444 -0.075727
-0.311197 -0.198184 -0.929451   0.62581
        0         0         0         1

-0.624103  0.556896 -0.548053 0.0670535
-0.779188  -0.39155  0.489444  0.268743
0.0579794    0.7325  0.678294   1.06819
        0         0         0         1

 -0.263243    0.81408   0.517664   0.215237
 -0.616295   0.270919  -0.739448 -0.0765323
 -0.742215  -0.513689   0.430396   0.855088
         0          0          0          1

 0.200738  0.111431 -0.973287 -0.184622
-0.426826 -0.884304 -0.189275 -0.123052
-0.881773  0.453419 -0.129952  0.751022
        0         0         0         1

-0.363975 -0.381014 -0.849912 -0.136134
-0.915691   0.31331  0.251689  0.312414
 0.170389  0.869865 -0.462928  0.822652
        0         0         0         1

-0.930294  0.233209 -0.283138 0.0143405
 0.121199 -0.533111 -0.837319 -0.136669
-0.346214 -0.813269  0.467685  0.897441
        0         0         0         1

0.0688624  0.431023  -0.89971 -0.413247
 0.246207 -0.881297 -0.403358  0.128219
-0.966768 -0.193739 -0.166809  0.798033
        0         0         0         1

 -0.608931 -0.0350054    0.79245   0.265215
  0.662034  -0.572729   0.483417   0.383235
  0.436937   0.818997   0.371927   0.756604
         0          0          0          1

-0.694612 -0.436148  0.572092  0.214882
 0.712035 -0.530211  0.460307  0.244625
 0.102568  0.727084  0.678843  0.793101
        0         0         0         1

-0.953595 0.0246439  0.300082  0.274758
-0.129356  0.866447  -0.48222 -0.192381
-0.271889  -0.49866 -0.823052  0.536468
        0         0         0         1

 0.648205  0.577371   0.49646  0.221424
 0.637597 -0.767978 0.0606586  0.151551
 0.416293  0.277222 -0.865938  0.453549
        0         0         0         1

  0.323928  -0.878771   0.350473  0.0930755
  0.914945   0.385235   0.120286 -0.0827574
 -0.240719     0.2817   0.928816    1.02055
         0          0          0          1

   0.61445   0.778352  -0.128914 -0.0932463
  0.626051   -0.58046  -0.520699 -0.0706391
 -0.480116   0.239237  -0.843952   0.541343
         0          0          0          1

  0.361071  -0.583269   0.727616    0.29043
  0.719975   -0.32153  -0.615023 -0.0483297
  0.592674   0.745933   0.303844   0.713476
         0          0          0          1

   0.577942    -0.81607 -0.00357413  -0.0650015
   0.606284    0.426432     0.67125    0.133437
  -0.546262    -0.39011    0.741223    0.977589
          0           0           0           1

 0.759608  0.645141 0.0823909 0.0304004
-0.119223  0.262658 -0.957495 -0.220988
 -0.63936  0.717498  0.276433  0.799466
        0         0         0         1

  0.68763   0.71161   0.14414 0.0129683
 0.351799 -0.152884 -0.923506 -0.127799
 -0.63514  0.685738 -0.355471  0.628971
        0         0         0         1

 0.421537  0.619592  0.662127  0.149072
 0.642441  -0.71937  0.264154  0.116694
 0.639982  0.314026 -0.701292   0.51983
        0         0         0         1

 0.398444 -0.905839 -0.143866  0.132997
-0.474429  -0.33779  0.812905  0.469818
-0.784958 -0.255643 -0.564347  0.659378
        0         0         0         1

  0.966165   0.150259   0.209638  0.0657412
   0.15825  -0.987159 -0.0217783   0.110802
  0.203674  0.0542165  -0.977536   0.431735
         0          0          0          1

 -0.40897 -0.504624  0.760328   0.38533
-0.397231 -0.651667 -0.646172 -0.252764
 0.821554 -0.566291 0.0660602  0.800933
        0         0         0         1

-0.854042 -0.431387   0.29072  0.154124
 0.476645 -0.425059  0.769503   0.16351
 -0.20838  0.795758  0.568636   1.03355
        0         0         0         1

 0.418965 -0.798343  0.432569  0.355598
-0.617013 0.0991928  0.780677   0.35465
-0.666156 -0.593977  -0.45103  0.673726
        0         0         0         1

  0.291768  -0.737593   0.608957   0.313454
 -0.935727 -0.0881792   0.341526   0.331125
  -0.19821  -0.669464  -0.715913   0.636303
         0          0          0          1

-0.824084 -0.554856 -0.114107 0.0842408
 0.384636  -0.69597  0.606366 0.0665665
-0.415861  0.455807  0.786956   1.05842
        0         0         0         1

 -0.523832  -0.812442  -0.256004  -0.044424
  0.844144  -0.535373 -0.0282438  0.0258635
 -0.114111  -0.230899   0.966263    1.11662
         0          0          0          1

   0.338117    0.886401    0.316181 -0.00825454
   0.931694   -0.267888    -0.24532   0.0426433
  -0.132751    0.377531   -0.916432     0.47597
          0           0           0           1

  -0.794127   -0.308415   -0.523682   -0.192969
    0.60459   -0.488687   -0.629012 -0.00726047
 -0.0619193   -0.816128    0.574544      1.0944
          0           0           0           1

 -0.503487  -0.699249   0.507496   0.205017
  0.576025  -0.709455   -0.40604 -0.0708854
  0.643968  0.0878946   0.759986   0.898981
         0          0          0          1

   0.378885    0.853825    0.356973     0.01295
   0.689673 -0.00330029   -0.724114   -0.202702
  -0.617088     0.52055    -0.59011    0.753589
          0           0           0           1

  0.40905  0.543964 -0.732654 -0.121875
-0.0944068 -0.773362 -0.626896 -0.176882
-0.907615  0.325599  -0.26499  0.878967
        0         0         0         1

 -0.831991  -0.284856  -0.476076 -0.0121412
 -0.537803    0.62482   0.566011   0.190865
   0.13623   0.726951  -0.673041   0.499947
         0          0          0          1

 -0.834001  -0.477972  -0.275653 0.00330764
  0.550516  -0.687262  -0.473923  -0.233745
  0.037076  -0.547004   0.836309   0.854695
         0          0          0          1

  0.197131  -0.519403   -0.83148 -0.0303484
  0.970178   0.225372  0.0892304  0.0623401
  0.141046  -0.824274   0.548342   0.994559
         0          0          0          1

-0.523136  0.558232  0.643976   0.33155
-0.209814 -0.816722  0.537535   0.34255
 0.826019  0.146089  0.544382   0.91019
        0         0         0         1

-0.0632579  -0.80429  0.590861   0.32149
-0.725722 -0.369338 -0.580446 -0.135213
 0.685074 -0.465518 -0.560327    0.5936
        0         0         0         1

 -0.746032  -0.545674   0.381676   0.181279
 -0.655187    0.49904  -0.567177 0.00309703
  0.119022  -0.673201  -0.729818   0.467453
         0          0          0          1

 -0.594289  -0.140771  -0.791836 -0.0777663
 -0.452283   0.872621   0.184315   0.346377
  0.665027    0.46767  -0.582258   0.775612
         0          0          0          1

-0.627884 -0.677761  0.382624  0.305838
 0.480045 -0.724202 -0.495064 0.0225756
 0.612632 -0.127166  0.780071   1.00994
        0         0         0         1

 0.645435  -0.57222  0.505943 -0.114952
-0.159542   0.54678  0.821935  0.336387
-0.746967 -0.611225  0.261619  0.662154
        0         0         0         1

-0.0158072  0.957951  0.286495 0.0849457
 0.777434 -0.168408     0.606  0.369245
 0.628766   0.23231 -0.742081  0.491174
        0         0         0         1

 -0.645394  -0.759689 -0.0796173   0.127139
  0.763765   -0.64336 -0.0524476  0.0822893
-0.0113787 -0.0946583   0.995445    1.17288
         0          0          0          1

  0.829329   0.301535  -0.470415 -0.0607438
 -0.368019   0.928261 -0.0537938 -0.0485867
  0.420447   0.217735   0.880804    1.10782
         0          0          0          1

  0.696369   0.331449  -0.636562  -0.114014
 -0.428447   0.903565 0.00177219  -0.116347
  0.575763   0.271499   0.771224   0.983099
         0          0          0          1

  0.200892    0.79816  -0.567964  -0.178168
  0.448785  -0.590349   -0.67088 -0.0327125
 -0.870767  -0.120119  -0.476798   0.602489
         0          0          0          1

 0.237257 -0.746065  -0.62217 -0.165143
 0.113748  0.657387 -0.744919  -0.11839
 0.964764  0.105967  0.240833  0.848832
        0         0         0         1

-0.962524  0.247003 -0.111969  0.048049
0.0247152  -0.33126 -0.943216 -0.149425
-0.270068 -0.910635  0.312741  0.968172
        0         0         0         1

 -0.442637   0.731361   0.518829 -0.0639787
 0.0925519  -0.538246   0.837691   0.449703
  0.891912   0.418811   0.170559   0.711885
         0          0          0          1

-0.00626788 -0.592874 -0.805271  -0.16791
 0.856792   0.41205 -0.310037 -0.187181
 0.515625 -0.691893  0.505387  0.865394
        0         0         0         1

 0.465782  0.239762  0.851799  0.365913
 0.662693 -0.732417 -0.156217  0.142743
 0.586417  0.637244 -0.500035  0.565772
        0         0         0         1

-0.648005 -0.199914 -0.734931 -0.122657
-0.657564 -0.340053  0.672289  0.295072
-0.384316  0.918911 0.0888996  0.868779
        0         0         0         1

   -0.74396    0.613792    0.264164 -0.00844374
  -0.604107   -0.448817   -0.658497  -0.0733431
  -0.285619   -0.649478    0.704698     1.11862
          0           0           0           1

-0.589884  0.792508  0.154817  0.302181
-0.639683 -0.575637  0.509361  0.263224
  0.49279   0.20143  0.846513  0.977083
        0         0         0         1

-0.317301  0.136619  0.938433  0.237271
 0.829753  0.519128  0.204978 0.0738948
-0.459163  0.843707  -0.27808  0.730203
        0         0         0         1

-0.504844 0.0573607  0.861303   0.27596
-0.584931 -0.756517 -0.292469 0.0706721
 0.634814 -0.651454  0.415475    0.8857
        0         0         0         1

    0.63138   -0.774436   0.0401023 -0.00288463
   0.630023    0.542421    0.555744    0.106276
  -0.452141    -0.32562    0.830386     1.04633
          0           0           0           1

 0.980821 -0.130997 -0.144325  0.051174
-0.060551  -0.90862  0.413212  0.327822
-0.185266 -0.396548 -0.899125  0.630269
        0         0         0         1

 0.261483 -0.692571  0.672288   0.21989
-0.0744571  -0.70892 -0.701348 -0.140999
 0.962332  0.133334 -0.236937  0.675412
        0         0         0         1

   0.61585   0.656331  -0.435842 -0.0884775
0.00103688   0.552519     0.8335   0.221461
  0.787863  -0.513762   0.339588   0.999248
         0          0          0          1

-0.444552 -0.586485 -0.677059  -0.18978
-0.888957  0.195927  0.413966  0.340146
-0.110131  0.785906  -0.60846   0.78251
        0         0         0         1

   0.564433   -0.176466   -0.806397   -0.194127
  -0.126149    0.946969   -0.295526 -0.00108554
   0.815783    0.268531    0.512239    0.900146
          0           0           0           1

-0.618057 0.0178745  -0.78593 -0.162571
-0.757195  -0.28229  0.589039  0.380761
-0.211331  0.959163  0.188006  0.957977
        0         0         0         1

 0.230969  0.818477  0.526069 0.0827479
 0.350022 -0.574387  0.739976  0.418734
  0.90782 0.0132241 -0.419151  0.578199
        0         0         0         1

0.0207491 -0.846943  0.531278  0.273459
 0.328254  0.507706  0.796545  0.291123
-0.944362  0.157867  0.288547  0.971565
        0         0         0         1

-0.343659  0.161738  0.925062  0.279295
 -0.64885 -0.753012  -0.10939 0.0435942
  0.67889 -0.637819  0.363724  0.660155
        0         0         0         1

-0.198579 -0.459866    0.8655  0.340197
-0.858344 -0.344666 -0.380068  0.165102
 0.473088  -0.81837 -0.326279  0.645041
        0         0         0         1

 0.265928  0.789972 -0.552472 -0.162686
-0.238908 -0.501221 -0.831685 -0.254615
-0.933919  0.353159 0.0554422  0.874735
        0         0         0         1

 -0.476757  -0.834282  -0.276906 -0.0359041
  0.598546 -0.0773992  -0.797341  -0.342808
  0.643775  -0.545878   0.536257   0.848471
         0          0          0          1

  0.52143 -0.463287  0.716572  0.129674
-0.846305 -0.388045   0.36495  0.275918
 0.108986 -0.796735  -0.59442  0.482468
        0         0         0         1

     0.63834    -0.724827    -0.259129 -8.05361e-05
   -0.134828      0.22615    -0.964716    -0.398287
    0.757855     0.650755    0.0466332     0.822847
           0            0            0            1

-0.750935 -0.454155  0.479416  0.168929
-0.636066  0.692587 -0.340211  0.136462
-0.177529 -0.560417  -0.80896  0.465927
        0         0         0         1

0.0540728  0.776777 -0.627451 -0.204366
-0.924416 -0.198636 -0.325575  0.139392
-0.377533   0.59763  0.707324   1.02518
        0         0         0         1

 0.760509  -0.57242  0.306531  0.294839
-0.526256 -0.266827  0.807377  0.409482
-0.380368 -0.775331 -0.504164  0.731424
        0         0         0         1

  0.284985  -0.881425  -0.376661 -0.0401007
  0.836492  0.0368174   0.546741  0.0439542
 -0.468043  -0.470887   0.747797     1.0488
         0          0          0          1

  0.318259  -0.700308   0.638968   0.295655
  0.924708   0.377828 -0.0464832  0.0450273
 -0.208867   0.605653   0.767828   0.711057
         0          0          0          1

  0.256259  -0.367383    0.89407    0.25864
   0.36416  -0.820111  -0.441368 -0.0197004
  0.895388   0.438689 -0.0763742   0.621084
         0          0          0          1

 -0.329006   0.930713  -0.159774  0.0123301
 -0.941506  -0.336364 -0.0206388   0.143267
-0.0729511   0.143638   0.986938    1.14212
         0          0          0          1

 -0.136349  -0.936697   0.322503  0.0931223
    0.7643  -0.306582  -0.567321 -0.0594697
  0.630282   0.169136   0.757719   0.945811
         0          0          0          1

 -0.59907 -0.398492 -0.694492 -0.103666
-0.644484 -0.274718  0.713562  0.264615
-0.475138  0.875062 -0.092246  0.920735
        0         0         0         1

   0.95843  -0.070355   0.276519 -0.0816432
 -0.258462  -0.624614   0.736923  0.0510996
  0.120871  -0.777758  -0.616832   0.531772
         0          0          0          1

-0.279535 -0.959667 0.0299955  0.327087
 0.880263  -0.24368  0.407133  0.128581
-0.383403  0.140212  0.912876   0.98647
        0         0         0         1

-0.580574 -0.675131  0.455117  0.185209
 -0.51296  0.737378  0.439483 0.0203556
-0.632302 0.0216957 -0.774418   0.61494
        0         0         0         1

 0.653041 -0.280917 -0.703295 -0.122688
 0.702335 -0.122758  0.701182  0.272285
-0.283309 -0.951849  0.117132  0.915165
        0         0         0         1

0.0348317 -0.652042 -0.757383 -0.207473
-0.993095  -0.10753  0.046902 0.0948135
-0.112023  0.750519 -0.651285   0.64251
        0         0         0         1

 -0.645084   0.581556   -0.49564 -0.0341594
-0.0278605  -0.666118  -0.745326  -0.172515
 -0.763603  -0.466989   0.445905   0.943068
         0          0          0          1

 -0.980259  -0.195656 -0.0284624   0.123687
  0.100451  -0.368848  -0.924046  -0.235927
  0.170297  -0.908664   0.381221    0.73431
         0          0          0          1

 -0.228309  -0.860067  -0.456245 -0.0806173
  0.940346  -0.316213   0.125535  0.0134705
 -0.252239  -0.400367   0.880955   0.938688
         0          0          0          1

0.0779351 -0.329137  -0.94106  -0.13141
 0.741986 -0.611304  0.275253  0.168725
 -0.66587 -0.719705  0.196573  0.997712
        0         0         0         1

 0.218714  0.489681  0.844024  0.367417
-0.0349221 -0.860484  0.508279   0.20897
 0.975164 -0.140643 -0.171099  0.641319
        0         0         0         1

 0.413009 -0.910362 0.0257681    0.2985
 0.447151  0.227348  0.865083  0.244323
-0.793397 -0.345765  0.500967   1.03573
        0         0         0         1

-0.884487  0.459425 0.0813057  0.241916
-0.466531 -0.868818 -0.165843  0.183749
-0.00555264 -0.184618  0.982795   0.98781
        0         0         0         1

  0.592105   0.781048  -0.198431  -0.216736
 -0.780047   0.493669   -0.38447 -0.0605884
 -0.202331   0.382432   0.901559    1.09657
         0          0          0          1

  0.615662   0.750436   0.240429  0.0201498
  0.776994  -0.527268  -0.343903 -0.0467917
 -0.131307   0.398539  -0.907703   0.488221
         0          0          0          1

 -0.996966  0.0359607 -0.0690294 -0.0500581
 0.0416675  -0.502508  -0.863568 -0.0909549
-0.0657423  -0.863825   0.499485    1.08581
         0          0          0          1

-0.400244 -0.673707 -0.621227 0.0649554
-0.121648  0.710953 -0.692638  -0.15018
 0.908299 -0.201653  -0.36651  0.563602
        0         0         0         1

  0.977864 -0.0424208   0.204896  0.0683737
 -0.125643  -0.902085   0.412863   0.400192
   0.16732  -0.429468  -0.887446   0.512898
         0          0          0          1

 -0.451216  -0.830381  -0.326914 -0.0390644
 0.0970822  -0.409825   0.906983   0.404111
 -0.887119   0.377508   0.265534   0.893606
         0          0          0          1

 0.976216 0.0985645 -0.193101 -0.158552
 0.140301  0.391817  0.909283  0.402876
 0.165283 -0.914749  0.368669  0.871198
        0         0         0         1

  0.979881 -0.0943098  -0.175896  -0.149607
 0.0320251  -0.795598   0.604978   0.116035
 -0.196998  -0.598439  -0.776571   0.460425
         0          0          0          1

-0.711127 -0.603919  0.359973  0.107257
 0.683105 -0.472373  0.556985  0.200513
-0.166332  0.641986  0.748457  0.933708
        0         0         0         1

   0.974072    0.201787    0.102303   -0.114735
   0.206073   -0.977976  -0.0331141 -0.00280222
  0.0933675   0.0533374   -0.994202    0.536579
          0           0           0           1

  0.599037 -0.0168668  -0.800544  -0.176317
 -0.779343     0.2172  -0.587749  -0.128682
  0.183792   0.975981   0.116966   0.776073
         0          0          0          1

 -0.600532  -0.230625   0.765619    0.38483
 -0.157287  -0.904723  -0.395899 -0.0131432
  0.783978  -0.358173   0.507041   0.826571
         0          0          0          1

-0.322661  0.206616  0.923688  0.264216
-0.871869 -0.444732  -0.20508  0.125504
 0.368421 -0.871506   0.32364   1.01333
        0         0         0         1

 0.592754 -0.263585   0.76103  0.365258
 0.798304 0.0672703 -0.598486 -0.122913
 0.106557  0.962288  0.250296   1.03212
        0         0         0         1

 0.506729   0.62903  0.589531  0.152377
-0.618949 -0.210559  0.756682  0.250114
 0.600106 -0.748322  0.282641  0.604737
        0         0         0         1

 -0.354086 -0.0359268  -0.934522  -0.217492
  0.905851  -0.261602  -0.333166 -0.0724627
 -0.232503  -0.964507   0.125174   0.859684
         0          0          0          1

   0.21194  -0.367877  -0.905399  -0.269226
 -0.935478  -0.344434 -0.0790321   0.061161
 -0.282776   0.863731   -0.41714   0.785505
         0          0          0          1

 -0.60385  0.575669  0.551335  0.400169
-0.751513 -0.641719 -0.153053 0.0595084
 0.265694 -0.506756  0.820125  0.881879
        0         0         0         1

 -0.769579   -0.63827 -0.0189455  0.0649554
  0.624816  -0.758815    0.18386   0.225227
 -0.131728   0.129657    0.98277    1.05708
         0          0          0          1

 0.424117  0.846455 -0.321931 -0.136031
-0.381966  0.489518  0.783884 0.0986588
 0.821113 -0.209492  0.530929  0.990491
        0         0         0         1

  0.355985   0.929499  0.0964734  0.0360803
  0.429168 -0.0709084  -0.900437  -0.168539
 -0.830114   0.361945  -0.424154   0.578768
         0          0          0          1

0.0568721 -0.360416 -0.931056 -0.202777
 0.679484 -0.669288   0.30059  0.103826
-0.731483 -0.649733  0.206833  0.889978
        0         0         0         1

  0.352351  -0.899186  -0.259447 -0.0394506
 -0.919924  -0.383728  0.0805827   0.161642
 -0.172016   0.210278   -0.96239    0.47396
         0          0          0          1

 0.605631 -0.570179  0.555074 0.0440657
-0.794364 -0.474295  0.379513  0.315434
0.0468785 -0.670775 -0.740177  0.535953
        0         0         0         1

  0.929379 -0.0326169  -0.367683 -0.0875167
 0.0909734  -0.945124   0.313792   0.200378
  -0.35774  -0.325081  -0.875411    0.67308
         0          0          0          1

    0.9358   0.338407 -0.0987905  0.0898963
 -0.209393   0.759006   0.616494     0.4914
  0.283609  -0.556229   0.781137   0.888605
         0          0          0          1

  0.253208  -0.808839  -0.530721 -0.0603308
 0.0266149   0.554216  -0.831947   -0.19702
  0.967046   0.196531   0.161859   0.761251
         0          0          0          1

0.0725581  0.793214 -0.604604 -0.051002
 0.538522 -0.541399 -0.645664 -0.160263
-0.839482 -0.278744 -0.466446   0.66416
        0         0         0         1

 -0.152589   0.242053   -0.95819  -0.342471
 -0.788973  -0.613724 -0.0293938   0.172761
 -0.595179   0.751501   0.284621   0.915196
         0          0          0          1

  0.267086  -0.679962   0.682874   0.254758
  0.935619  0.0132334  -0.352763 -0.0508137
  0.230828   0.733128    0.63972   0.850811
         0          0          0          1

    0.286257     0.946095     0.151527   0.00724575
    0.835355    -0.323888     0.444161     0.105273
    0.469296 -0.000565514    -0.883041     0.449946
           0            0            0            1

  0.972937  -0.110589   0.202888   0.234348
 -0.205333 -0.0110704   0.978629   0.364663
 -0.105979  -0.993805 -0.0334784   0.886809
         0          0          0          1

 0.897877 -0.384934 -0.213643 0.0644535
0.0794571  -0.33562   0.93864  0.323289
-0.433017 -0.859759  -0.27076  0.900924
        0         0         0         1

 -0.997518  0.0110369 -0.0695417   0.208306
-0.0633618  -0.571467   0.818176   0.255251
-0.0307106   0.820551   0.570748    1.00193
         0          0          0          1

-0.975518   0.15684   0.15416 0.0170924
0.0477614 -0.533161  0.844664  0.505826
  0.21467  0.831348  0.512618  0.836004
        0         0         0         1

  0.122962   -0.74747  -0.652816  -0.146786
  0.821517   0.445712  -0.355599 -0.0392907
  0.556768  -0.492575   0.668865     0.8728
         0          0          0          1

-0.704266  0.403511  0.584113  0.404919
 0.232684  0.908517 -0.347066 0.0317848
-0.670722 -0.108513 -0.733729  0.613363
        0         0         0         1

 -0.179298   0.561987   0.807479   0.276541
 -0.118323   0.802503  -0.584798 -0.0401236
 -0.976653  -0.200397 -0.0773913   0.746298
         0          0          0          1

 0.861154 -0.388468  0.327882   0.12597
 0.493894  0.486679 -0.720564 -0.160089
 0.120343  0.782455  0.610967  0.881121
        0         0         0         1

-0.754201  0.482792  0.445077  0.138144
 0.341036  0.867218 -0.362804 -0.085908
-0.561138 -0.121839 -0.818706  0.632279
        0         0         0         1

 0.688124  0.687478 -0.232076 0.0242981
 0.138466 -0.438383 -0.888058 -0.209734
-0.712259  0.578959 -0.396855   0.78571
        0         0         0         1

  0.156122  -0.866788   0.473608 -0.0458315
-0.0431896   0.473039   0.879982   0.249892
 -0.986793   -0.15784  0.0364156   0.778731
         0          0          0          1

-0.0354023 -0.339114 -0.940079 -0.252186
-0.701211 -0.661817  0.265144  0.245594
-0.712074   0.66858 -0.214361  0.700297
        0         0         0         1

  0.15761 -0.972768 -0.169948 0.0474698
-0.308049  0.115079 -0.944385  -0.15096
 0.938224  0.201197 -0.281523  0.590879
        0         0         0         1

  0.318239  -0.791462  -0.521834  -0.214968
 -0.931466   -0.36344 -0.0168235   0.235456
 -0.176341   0.491425  -0.852881   0.741152
         0          0          0          1

  0.831286   0.143561   0.536986   0.294211
  0.376253   -0.85643  -0.353499 -0.0740608
  0.409142   0.495902  -0.765953   0.518442
         0          0          0          1

-0.0156849   -0.81303  -0.582011  -0.272322
 -0.118643  -0.576457   0.808469   0.387195
 -0.992813  0.0817323 -0.0874186   0.794604
         0          0          0          1

  -0.455036    0.641652   -0.617435  -0.0828916
    0.80508 0.000154346   -0.593166  -0.0841208
  -0.380511   -0.766996   -0.516651    0.796338
          0           0           0           1

-0.366315 -0.922552  0.121288  0.292086
 0.487973  -0.07948  0.869232  0.202758
-0.792272  0.377599  0.479295  0.919438
        0         0         0         1

 0.845217  0.325086  0.424178  0.198331
-0.102196 -0.680747  0.725355   0.46799
  0.52456 -0.656432 -0.542157  0.694632
        0         0         0         1

 0.948398 -0.268153  -0.16922 -0.100943
 0.295988  0.940093  0.169164 0.0311607
 0.113721 -0.210522  0.970952   1.01554
        0         0         0         1

 -0.629409   0.348759  -0.694415  -0.296851
 -0.402996  -0.910561 -0.0920439 -0.0306103
 -0.664408   0.221913   0.713664    1.07211
         0          0          0          1

-0.465759  -0.18897  0.864499  0.266865
-0.061564 -0.967646 -0.244685 0.0606909
 0.882768 -0.167186  0.439056  0.877849
        0         0         0         1

-0.148241  0.769345  0.621396  0.291855
-0.853897 -0.416544  0.312013  0.174903
 0.498884 -0.484355   0.71869  0.924908
        0         0         0         1

  -0.193297    0.213281   -0.957678   -0.173621
   0.745059    0.666995 -0.00183795   0.0330731
   0.638375   -0.713883   -0.287835    0.699833
          0           0           0           1

  0.452797  -0.506119   0.734042   0.232406
  0.853785 0.00886116  -0.520551  -0.108045
  0.256956   0.862418   0.436129   0.796404
         0          0          0          1

 -0.40421  0.895367 -0.186904 -0.107125
-0.910042  -0.37316  0.180485  0.267048
0.0918554  0.243044  0.965656    1.1284
        0         0         0         1

 -0.900719   0.274203   0.336924  0.0818053
  0.259853   0.961636 -0.0879406 -0.0685244
 -0.348112 0.00834107  -0.937416   0.577964
         0          0          0          1

  0.231639  -0.678316   0.697302   0.353941
  0.913359 -0.0950758  -0.395899  0.0427909
  0.334841   0.728593   0.597523   0.815093
         0          0          0          1

-0.0121911  0.545955  0.837726  0.303357
 -0.92946 -0.315122  0.191842   0.14735
 0.368723 -0.776293  0.511285  0.827114
        0         0         0         1

-0.0440104   0.538924   0.841204   0.189544
 -0.104737  -0.839868   0.532589   0.414786
  0.993526 -0.0646655  0.0934082   0.826058
         0          0          0          1

 -0.0716138   -0.997431 -0.00159501    0.237209
  -0.552511   0.0410006   -0.832497   -0.197612
   0.830423   -0.058737   -0.554028    0.535053
          0           0           0           1

 -0.174941  -0.755037   0.631913   0.441139
  -0.26817   0.654085   0.707289   0.138525
 -0.947354 -0.0457262  -0.316905   0.724584
         0          0          0          1

0.0236802 -0.666458  0.745167   0.32879
 0.985306  0.141672 0.0953967  0.162878
-0.169147  0.731958   0.66002     1.086
        0         0         0         1

  0.275732   0.423521  -0.862903  -0.358147
 -0.886545   0.458992 -0.0580091   0.131794
  0.371497   0.780997   0.502029   0.969553
         0          0          0          1

-0.989622 -0.123353 0.0737012  0.110096
0.0938693 -0.943306 -0.318374 0.0240849
 0.108795 -0.308151  0.945096   1.10194
        0         0         0         1

 0.480017  -0.80302  0.353189  0.115726
-0.219074 -0.499577 -0.838111 -0.200951
 0.849465  0.324933 -0.415726  0.648249
        0         0         0         1

  0.630958   0.760036   -0.15568  -0.038423
  0.596619  -0.603621  -0.528855 -0.0744876
 -0.495921   0.240804  -0.834312   0.524301
         0          0          0          1

 -0.280508   -0.10078   0.954546   0.250609
  0.877206   0.376786   0.297561  0.0880599
 -0.389647   0.920802 -0.0172869   0.597611
         0          0          0          1

-0.601922  0.328034  0.728069  0.211095
 0.788022 0.0964061  0.608051  0.148092
 0.129271  0.939734 -0.316527  0.689826
        0         0         0         1

 -0.803304   0.560445  -0.201503 -0.0734073
  0.311549   0.683787   0.659828   0.221274
  0.507582   0.467265  -0.723895   0.512977
         0          0          0          1

 -0.459619   0.677933   0.573722    0.24394
 -0.877594  -0.247543  -0.410549 -0.0168914
 -0.136304  -0.692191   0.708726   0.959738
         0          0          0          1

  0.623044   0.134307    0.77057   0.235108
  0.159599   0.942594  -0.293334 -0.0855819
 -0.765731   0.305742   0.565842   0.870298
         0          0          0          1

  0.272403   0.882002  -0.384537 -0.0286082
  0.594341  -0.468532  -0.653633  -0.126233
 -0.756674 -0.0504943   -0.65184   0.647269
         0          0          0          1

 -0.187188   0.386541  -0.903076  -0.249873
  0.483085  -0.764253  -0.427254  0.0571242
  -0.85533   -0.51624 -0.0436734   0.905796
         0          0          0          1

   0.759643   -0.492983    0.424159    0.103805
  -0.321396   -0.851576   -0.414152 -0.00678998
   0.565373    0.178285   -0.805337    0.502121
          0           0           0           1

-0.00342372  -0.92876  0.370665  0.141802
 0.176649   -0.3654 -0.913936 -0.163382
 0.984268 0.0623485  0.165315  0.849135
        0         0         0         1

 0.605073 -0.134831  -0.78467 -0.146428
-0.676604  0.432374 -0.596036 -0.251593
 0.419635  0.891557   0.17039  0.802605
        0         0         0         1

   0.56451   0.555845  -0.610217  -0.137781
   -0.3447  -0.512979  -0.786152 -0.0670914
 -0.750007   0.654133 -0.0979817   0.564191
         0          0          0          1

  -0.15076  -0.981987   0.113903   0.093255
  0.693891  -0.187182  -0.695326 -0.0979985
  0.704121 -0.0257913   0.709611    1.08523
         0          0          0          1

   0.177083   -0.984196 0.000293358    0.200579
   -0.62522   -0.112264    0.772332    0.311105
  -0.760093   -0.136951   -0.635219    0.750819
          0           0           0           1

