  -0.380413 -0.00702263    -0.92479  -0.0757852
  -0.150408   -0.986188   0.0693594  -0.0271084
  -0.912504    0.165481    0.374102    0.983124
          0           0           0           1

  0.357802  -0.933715 -0.0124276    0.26162
 -0.933248  -0.357104 -0.0390412  0.0977269
 0.0320154  0.0255671   -0.99916   0.570635
         0          0          0          1

 -0.374273   0.212052  -0.902748  -0.219159
  0.614905  -0.671946  -0.412773 -0.0648157
 -0.694127  -0.709593     0.1211   0.785742
         0          0          0          1

 0.0330711   0.725349   0.687586   0.251325
  0.641014   0.512436  -0.571411 -0.0596272
 -0.766816    0.45965  -0.448012   0.725274
         0          0          0          1

 0.386826   0.10407 -0.916262 -0.387704
 0.661337 -0.723759  0.196996  0.122425
-0.642651 -0.682161 -0.348794  0.685494
        0         0         0         1

  0.892198   0.385223   0.235766 -0.0199302
  -0.41708   0.903031   0.102854  0.0679975
 -0.173282  -0.190099   0.966352    1.16612
         0          0          0          1

 -0.877041  -0.316162    0.36172   0.143999
 0.0880059  -0.845921  -0.525997 -0.0582748
  0.472287  -0.429487   0.769731    1.00012
         0          0          0          1

 -0.476797   0.873534 -0.0979943  -0.182215
  0.843007   0.485997   0.230535  0.0501261
  0.249005  0.0273087  -0.968117   0.466744
         0          0          0          1

 0.0080058  -0.892791  -0.450399 0.00592446
  -0.99963 0.00456523 -0.0268176  0.0559281
 0.0259987   0.450447  -0.892424   0.419687
         0          0          0          1

   0.316046    0.931357   -0.180799 -0.00995759
    0.94873   -0.311273   0.0549569  -0.0722985
-0.00509347   -0.188899   -0.981983    0.505369
          0           0           0           1

 0.346565 -0.925739  0.151327 0.0483088
-0.772221 -0.189986  0.606284  0.373069
-0.532511 -0.326974 -0.780718  0.644716
        0         0         0         1

 0.106629 -0.883107  0.456895  0.403022
-0.634858 -0.414122 -0.652272 0.0624044
 0.765236 -0.220512 -0.604805  0.634414
        0         0         0         1

 -0.999755  0.0044759 -0.0216567   0.257798
-0.0180393  -0.731523   0.681578   0.116997
-0.0127917   0.681802   0.731425   0.971239
         0          0          0          1

 -0.827069   0.398942  -0.395982  0.0602266
  -0.40504  -0.911439 -0.0722643   0.130522
 -0.389743   0.100621    0.91541    1.05046
         0          0          0          1

  0.414231  -0.907811 -0.0655071  -0.101344
  0.344054    0.22281  -0.912131   -0.17316
  0.842638   0.355295   0.404631   0.811246
         0          0          0          1

  0.901623 -0.0514799  -0.429448 -0.0265596
 -0.325144  -0.735445  -0.594476 -0.0886952
 -0.285232   0.675626  -0.679833   0.474772
         0          0          0          1

 -0.842086  -0.536926 -0.0510067 0.00894428
  0.538524  -0.831825  -0.134388  -0.267291
 0.0297276  -0.140634   0.989615   0.889214
         0          0          0          1

  0.192705   0.119382  -0.973967  -0.413425
 -0.750853   0.656955 -0.0680361   0.108824
  0.631731   0.744418   0.216237   0.928096
         0          0          0          1

-0.728914 -0.600801  -0.32821 0.0724935
 0.510827 -0.796488  0.323517 0.0753276
-0.455785 0.0681571  0.887477   1.12028
        0         0         0         1

-0.180429 -0.916831  0.356183 0.0996764
 0.886144 0.0056289  0.463376  0.054893
-0.426842  0.399236  0.811429   1.13831
        0         0         0         1

  -0.380786    0.255559    0.888646    0.321988
   0.743397   -0.486902    0.458571    0.256022
   0.549876    0.835234 -0.00457655     0.80791
          0           0           0           1

  0.490367  0.0238995  -0.871188  -0.203204
 -0.870897  0.0511016  -0.488801 -0.0689789
  0.032837   0.998407  0.0458726   0.723849
         0          0          0          1

-0.215755 -0.975154 0.0502531 0.0480012
 0.771586 -0.138722  0.620815 0.0237981
-0.598419  0.172718  0.782345   1.01187
        0         0         0         1

  -0.521934    0.852526  -0.0280163 -0.00748292
   0.402823    0.275302    0.872893    0.453928
   0.751877    0.444307   -0.487106    0.624892
          0           0           0           1

-0.906232  0.419773 0.0503358 0.0944585
-0.262282 -0.651583  0.711792  0.270122
 0.331589  0.631847  0.700584  0.848805
        0         0         0         1

-0.653431 -0.753339 0.0742159  0.130321
-0.310377  0.177206 -0.933951  -0.24622
  0.69043 -0.633307 -0.349611  0.572434
        0         0         0         1

 -0.733161   0.284733  -0.617578  -0.105155
 -0.677983  -0.376881    0.63111   0.413333
-0.0530551   0.881413   0.469358   0.919307
         0          0          0          1

 0.404053  0.689241 -0.601404  -0.25336
 0.642581 -0.681789 -0.349649 0.0173217
-0.651023 -0.245174 -0.718372    0.7056
        0         0         0         1

 0.452786 -0.864763 -0.217186  0.127071
 0.744417  0.500715 -0.441733 -0.218595
 0.490743 0.0383335  0.870461  0.848259
        0         0         0         1

 0.600103   0.77034  0.215527 0.0344683
-0.696532  0.370727  0.614332  0.401504
 0.393343 -0.518784  0.759041  0.959494
        0         0         0         1

   0.502075   0.0972836    0.859335    0.315887
0.000290497   -0.993672    0.112322    0.284063
   0.864824  -0.0561443   -0.498926     0.56647
          0           0           0           1

-0.996378 0.0749943 0.0400834  0.258452
0.0775516  0.608062  0.790093  0.193538
0.0348793   0.79034 -0.611675  0.688672
        0         0         0         1

  0.298917 -0.0681902    0.95184   0.289453
  0.809822   0.545775  -0.215217 -0.0187231
 -0.504815   0.835153   0.218363   0.734286
         0          0          0          1

-0.474693  0.536191 -0.697973 -0.202275
  0.15462 -0.729879 -0.665859 -0.139242
-0.866464 -0.423999  0.263563  0.947715
        0         0         0         1

  0.828297   0.560177  0.0112165 -0.0500357
  0.339522  -0.517753   0.785275   0.115573
  0.445701  -0.646632  -0.619046   0.524238
         0          0          0          1

 -0.503727  -0.863758 -0.0134832 -0.0291466
  0.560602  -0.314977  -0.765843  -0.312768
  0.657256  -0.393334   0.642886   0.853329
         0          0          0          1

 -0.893407  0.0933804   0.439436   0.343127
 -0.300629  -0.851138  -0.430334 -0.0159422
  0.333836   -0.51657   0.788485   0.932355
         0          0          0          1

  0.887275   0.460987 -0.0152631  -0.162323
-0.0454065    0.12023   0.991707   0.412351
     0.459  -0.879224   0.127609   0.768605
         0          0          0          1

 0.488477  0.626192  0.607679  0.149513
 0.497563 -0.771992  0.395549  0.052789
 0.716813  0.109142  -0.68867  0.540396
        0         0         0         1

   0.14352   0.977981  -0.151511    0.12923
 -0.455867   0.201217   0.867005   0.472272
  0.878401 -0.0553636   0.474708   0.942918
         0          0          0          1

 0.702267 -0.703353  0.110076  0.318116
 0.426679  0.539607  0.725789  0.144133
-0.569883  -0.46273  0.679053   1.08187
        0         0         0         1

  0.626182 -0.0825757  -0.775292  -0.156808
  0.776952 -0.0169712   0.629331   0.371685
-0.0651251   -0.99644  0.0535303   0.856186
         0          0          0          1

  0.809016  -0.282169   -0.51563 -0.0322971
 0.0425392   0.903046  -0.427432  -0.179019
  0.586246   0.323865   0.742582   0.915761
         0          0          0          1

   -0.3768  -0.925851 -0.0286555  0.0187001
  0.918066   -0.36916  -0.144485  -0.139256
  0.123194 -0.0807498   0.989092   0.993276
         0          0          0          1

0.0197067 -0.963579  0.266697  0.266066
 0.839676  -0.12885 -0.527581 -0.101178
  0.54273  0.234336  0.806555  0.923162
        0         0         0         1

0.00366797  -0.289001  -0.957322 -0.0578602
 -0.646716  -0.730866    0.21816    0.31679
 -0.762722   0.618315  -0.189582   0.835272
         0          0          0          1

 0.158067  0.877499   0.45278  0.284315
-0.980059 0.0835038  0.180309  0.237752
 0.120412 -0.472252    0.8732   0.99284
        0         0         0         1

  0.368674  -0.838177   -0.40192  -0.130349
  0.918399   0.395238  0.0181878 -0.0871995
  0.143609  -0.375828   0.915494   0.980269
         0          0          0          1

 -0.47916  0.234684  0.845771  0.402113
-0.416263 -0.909096 0.0164274  0.200568
 0.772742 -0.344192  0.533293  0.992105
        0         0         0         1

 0.403745  0.657246  0.636409 0.0611686
 0.590468 -0.718547  0.367474  0.106894
 0.698811  0.227414 -0.678193  0.532217
        0         0         0         1

-0.532104  0.337021  0.776713  0.410645
 0.295741 -0.785599  0.543481  0.131691
 0.793349  0.518894  0.318349  0.931386
        0         0         0         1

  0.288448  -0.901704  -0.322068 -0.0776579
  0.919724   0.354469  -0.168701  0.0639375
  0.266281  -0.247553   0.931564    1.10807
         0          0          0          1

 0.548765 -0.667538  -0.50324 0.0211444
  0.51435 -0.204943  0.832732  0.223416
-0.659016 -0.715815  0.230883   1.01928
        0         0         0         1

  -0.92182   0.258607   0.288739   0.120484
 0.0958959   0.873902   -0.47655 -0.0641797
 -0.375569  -0.411604  -0.830379   0.614389
         0          0          0          1

 0.325368 -0.895582 -0.303429  0.048526
 0.284319 -0.213382  0.934682  0.428156
 -0.90183 -0.390387  0.185203  0.916001
        0         0         0         1

 0.440503  0.208525 -0.873198 -0.342279
-0.805096   0.52211 -0.281464 0.0534993
 0.397213  0.826993  0.397874   1.03654
        0         0         0         1

  0.360047  -0.743955  -0.562936 -0.0257948
 -0.305656   0.476033  -0.824601  -0.146942
  0.881443    0.46896 -0.0560001   0.604334
         0          0          0          1

 -0.47588   0.46623 -0.745766 -0.233054
-0.368535 -0.875608 -0.312238 0.0518033
-0.798573  0.126253  0.588507   1.06694
        0         0         0         1

 -0.778945   0.119406  -0.615619 -0.0951306
    0.5493  -0.343658  -0.761688  -0.198818
 -0.302512  -0.931473   0.202101   0.937249
         0          0          0          1

  0.779445  -0.429154  -0.456392  -0.121485
-0.0672137    0.66702  -0.742002  -0.154585
  0.622855   0.609025    0.49106   0.829314
         0          0          0          1

 0.747931  0.638464  0.181559 -0.153897
 0.221512 -0.497921  0.838455   0.21969
 0.625725 -0.586889 -0.513838  0.592474
        0         0         0         1

 -0.33512  -0.62652  0.703681  0.338512
-0.913555 0.0333892 -0.405342 -0.151529
 0.230459  -0.77869  -0.58355  0.515884
        0         0         0         1

    0.71997   -0.692684  -0.0428014    0.224034
  -0.693396   -0.720552 -0.00255148    0.149263
 -0.0290733   0.0315153    -0.99908    0.515135
          0           0           0           1

 -0.431636   0.872548  -0.228801  -0.202777
  0.888166   0.366766  -0.276846 -0.0587584
 -0.157645   -0.32271  -0.933277   0.586173
         0          0          0          1

-0.760375 -0.459256  0.459253 0.0536436
 0.241189 -0.856206 -0.456881 0.0204513
 0.603041 -0.236634  0.761805   1.05369
        0         0         0         1

 0.482115 0.0534907 -0.874474 -0.363347
  0.58021 -0.767372  0.272942  0.167593
-0.656446 -0.638967 -0.400997  0.592377
        0         0         0         1

-0.311743   0.52172  0.794119  0.174321
  0.68634  0.701613 -0.191512 0.0382396
 -0.65708  0.485333   -0.5768  0.591244
        0         0         0         1

 0.832082 0.0693316 -0.550302 -0.246742
-0.283423 -0.799695 -0.529301  0.053521
-0.476771   0.59639 -0.645762  0.716635
        0         0         0         1

-0.00104038 -0.00591675   -0.999982   -0.181562
   0.900531    0.434777 -0.00350943  -0.0212158
    0.43479   -0.900519  0.00487588     0.83864
          0           0           0           1

  -0.896787   -0.442354 -0.00979364   0.0969612
   0.359559    -0.71568   -0.598765  -0.0919736
   0.257857   -0.540486    0.800865    0.954781
          0           0           0           1

-0.336454  0.491099  0.803505  0.375676
-0.932085  -0.29529 -0.209815 0.0694694
 0.134227 -0.819528  0.557098  0.974268
        0         0         0         1

  -0.31894   0.613978   0.722017   0.251262
  -0.34452   0.634585  -0.691815 -0.0859976
  -0.88294  -0.469397   0.009133   0.722645
         0          0          0          1

 0.834192  0.296921 -0.464716 -0.177553
 0.471893   -0.8204  0.322896  0.221949
-0.285378 -0.488654 -0.824486     0.469
        0         0         0         1

  0.341559   -0.93985 0.00430417   0.295726
 -0.665913  -0.245232  -0.704572  -0.166109
  0.663248   0.237787  -0.709619   0.512653
         0          0          0          1

  0.849002   0.356963   -0.38958  -0.198041
   0.36302  -0.929794 -0.0608271  0.0758385
 -0.383942 -0.0897833  -0.918982    0.42406
         0          0          0          1

 0.354159  0.784703 -0.508737 -0.286008
 0.607493  -0.60663 -0.512789   0.10963
-0.711002 -0.127445 -0.691544  0.708326
        0         0         0         1

  -0.570941    0.818737   0.0607988  0.00993917
-0.00301905    0.071961   -0.997403   -0.147837
  -0.820986   -0.569641  -0.0386137    0.929581
          0           0           0           1

   0.763709   -0.641398  -0.0731901 -0.00931431
  -0.641428   -0.741118   -0.198279  0.00740508
  0.0729335    0.198374   -0.977409    0.603136
          0           0           0           1

-0.414636  0.753883  0.509645  0.135913
-0.783577 -0.580555  0.221275  0.318615
 0.462693 -0.307597  0.831444   1.10554
        0         0         0         1

 -0.548634  -0.721238  -0.422867   0.210385
0.00282136   0.504184  -0.863592  -0.279362
  0.836058  -0.474989  -0.274578   0.724148
         0          0          0          1

-0.328415  0.607893  0.722918  0.427338
 0.714461 -0.340742  0.611098  0.159859
  0.61781   0.71719 -0.322411  0.802494
        0         0         0         1

-0.649065 -0.568467 -0.505529 0.0128733
 0.588941 0.0451346 -0.806915 -0.153455
 0.481521 -0.821467  0.305498  0.936898
        0         0         0         1

-0.689264 -0.191592  0.698719  0.170374
-0.130436 -0.915829 -0.379795 0.0670691
 0.712672 -0.352917  0.606257    1.0875
        0         0         0         1

  0.720315   0.481463  -0.499339  -0.141821
 -0.690174   0.425522  -0.585313  -0.144073
-0.0693269   0.766241   0.638803    0.82851
         0          0          0          1

 0.870136 -0.177033  0.459916  0.135295
 0.390737 -0.320876 -0.862765 -0.185369
 0.300314  0.930429 -0.210032  0.681377
        0         0         0         1

 -0.237507  -0.949951   -0.20294  0.0168362
 -0.780535   0.310994  -0.542262 -0.0629076
  0.578235  0.0296108  -0.815333   0.456966
         0          0          0          1

-0.0999299   0.951302  -0.291613   0.197938
 -0.477259   0.211337   0.852972   0.388457
  0.873062   0.224412   0.432898   0.967083
         0          0          0          1

-0.809973 -0.507922 -0.293187 0.0526628
-0.359346 0.0347432  0.932557  0.386823
-0.463481  0.860702 -0.210661  0.889004
        0         0         0         1

-0.530105 -0.680736  0.505557  0.334937
0.0344231 -0.613009 -0.789326 -0.256055
 0.847233 -0.401023  0.348392  0.959898
        0         0         0         1

  0.443149  -0.653816  -0.613306 -0.0273163
 -0.623988  -0.716178   0.312615   0.243908
 -0.643629    0.24416  -0.725346   0.607595
         0          0          0          1

   0.76754   0.245148   0.592271  0.0954114
  0.478765  -0.833631  -0.275396 -0.0407328
  0.426223   0.494936  -0.757214   0.557907
         0          0          0          1

  0.286084  -0.938088   0.195313 -0.0752688
 -0.419703  -0.305916  -0.854555  -0.115593
  0.861397   0.162501  -0.481236   0.698665
         0          0          0          1

-0.144855 -0.312794  -0.93871 -0.267191
 0.299018 -0.918196  0.259816  0.104457
-0.943189 -0.243055  0.226536  0.838116
        0         0         0         1

-0.388994 -0.892366 -0.228838  0.171235
-0.395359  0.386071 -0.833451 -0.238519
 0.832091 -0.233734 -0.502984  0.641876
        0         0         0         1

    0.97964    0.187014   0.0730077 -0.00245814
   0.199663   -0.869618   -0.451553   0.0345355
 -0.0209581    0.456936   -0.889252    0.588667
          0           0           0           1

  0.165952   0.621902  -0.765309  -0.258109
 -0.130535  -0.755388  -0.642145 -0.0121321
 -0.977456   0.206465 -0.0441783   0.758497
         0          0          0          1

  0.672967  -0.739397 -0.0201861   0.120859
 -0.739197  -0.673262  0.0174915   0.256039
-0.0265237  0.0031503  -0.999643   0.565578
         0          0          0          1

 0.964264  0.111979 -0.240116 -0.025526
  -0.1207 -0.621115 -0.774369  -0.20122
-0.235852  0.775678 -0.585403  0.721995
        0         0         0         1

  0.414361  -0.909029 -0.0443978  -0.152448
 -0.892479  -0.415405   0.175843  0.0467173
 -0.178289 -0.0332383  -0.983417   0.636826
         0          0          0          1

-0.891093  0.384511   0.24105 0.0604506
 0.309926  0.127605  0.942159  0.167585
 0.331511  0.914258 -0.232878  0.591398
        0         0         0         1

 0.402855  0.865849  0.296669 0.0814911
  0.86281  -0.25111  -0.43875 -0.169665
-0.305395  0.432722 -0.848225   0.59367
        0         0         0         1

-0.605353  0.390892  0.693363  0.231579
 0.659589 -0.241233  0.711863  0.258002
 0.445523  0.888262 -0.111797  0.703881
        0         0         0         1

  0.989297  0.0486159  -0.137578 -0.0663234
-0.0915843  -0.527126  -0.844838  -0.149406
 -0.113593   0.848395  -0.517032   0.638117
         0          0          0          1

  0.68909  0.434155 -0.580228 -0.133604
 0.547702 -0.836309 0.0246947 0.0992122
-0.474528 -0.334809  -0.81408  0.600919
        0         0         0         1

-0.189685 -0.364602  0.911639  0.297902
 0.468677 -0.849508 -0.242236 0.0802694
 0.862764  0.381316   0.33202   0.82792
        0         0         0         1

-0.951329  0.303519  0.053383  0.285913
 0.276801  0.917704 -0.284956 0.0425914
-0.135479  -0.25631 -0.957053  0.581018
        0         0         0         1

 0.779755 -0.535341 -0.324643 0.0668743
-0.413467 -0.829684   0.37506  0.366851
-0.470136 -0.158226 -0.868295    0.5285
        0         0         0         1

  -0.65267  -0.573703    0.49486   0.303535
 -0.756213   0.533383  -0.379005  0.0341642
-0.0465136  -0.621585  -0.781965   0.569811
         0          0          0          1

-0.446828  0.862445 -0.237768 0.0391707
0.0715234 -0.230486 -0.970443 -0.203033
-0.891756 -0.450627 0.0413028  0.831088
        0         0         0         1

 -0.467264   0.547704  -0.694035 -0.0242507
  -0.19876  -0.829984  -0.521172  -0.133617
 -0.861486  -0.105578   0.496683   0.926528
         0          0          0          1

 -0.279628  -0.944975  -0.169796 -0.0899146
 -0.948792   0.244903   0.199539   0.273725
 -0.146976   0.216898  -0.965066   0.565714
         0          0          0          1

 0.405463  0.703942 -0.583151 -0.175462
-0.733099 -0.130665 -0.667452 0.0830687
-0.546045  0.698135  0.463079   1.00027
        0         0         0         1

  0.637499   0.275307  -0.719584  -0.297332
  0.705205   0.167644   0.688899   0.329419
  0.310293  -0.946626 -0.0872753    0.62893
         0          0          0          1

  0.375621  -0.672835   -0.63734 -0.0196192
  0.738436  -0.198271   0.644516   0.177815
 -0.560019  -0.712729   0.422371    1.04199
         0          0          0          1

-0.049413 -0.385375  0.921436  0.248413
 0.939826  0.294324  0.173495  0.114793
-0.338062  0.874562  0.347642   0.88022
        0         0         0         1

-0.931362 -0.341966  0.124999   0.19379
-0.361245  0.825031 -0.434541  0.164253
  0.04547  -0.44987 -0.891936  0.589569
        0         0         0         1

  0.887539   0.458766  0.0425223 -0.0627376
  0.429882   -0.85778   0.281808   0.241387
  0.165759  -0.231836  -0.958528   0.489245
         0          0          0          1

-0.712714  0.150897  0.685032  0.205051
 0.208603 -0.886809  0.412376   0.25613
 0.669719  0.436806  0.600563  0.864871
        0         0         0         1

   0.262588  -0.0326005   -0.964357   -0.228548
  -0.403475    -0.91157  -0.0790475 -0.00217781
  -0.876502    0.409851   -0.252521    0.747892
          0           0           0           1

-0.584194 0.0264973  0.811182  0.395592
-0.719589 -0.479174 -0.502578 -0.111578
  0.37538  -0.87732  0.298997  0.756927
        0         0         0         1

-0.422148 -0.897513 -0.127524  0.169088
  -0.6897   0.22669  0.687696  0.353847
-0.588308  0.378262 -0.714711  0.690577
        0         0         0         1

-0.732355 -0.507885 -0.453551 -0.175773
 0.150834 -0.770537  0.619291  0.314406
-0.664006   0.38513  0.640913   1.05032
        0         0         0         1

-0.658996  0.576492 -0.483096  0.234951
-0.148393  0.530014  0.834904   0.25203
 0.737363  0.621886  -0.26373  0.868345
        0         0         0         1

 0.086585 -0.770739  0.631241  0.424771
 0.909023 -0.198148 -0.366625 0.0627206
 0.407651  0.605557  0.683463   0.81904
        0         0         0         1

  0.802945  -0.587675 -0.0995845  0.0846493
  0.587683   0.808443 -0.0323768  -0.209609
 0.0995354 -0.0325273   0.994502   0.954954
         0          0          0          1

  -0.798957   -0.292658    0.525375     0.25072
   0.492533    0.182852    0.850868    0.431776
  -0.345079    0.938572 -0.00194732    0.909017
          0           0           0           1

 -0.460041   0.533762  -0.709549 -0.0800475
  0.332176   -0.63764  -0.695036  -0.158214
 -0.823421   -0.55544   0.116038    0.87222
         0          0          0          1

  0.569378   0.313698   -0.75987  -0.160329
-0.0949302  -0.893058  -0.439814   0.050403
 -0.816577   0.322555  -0.478708   0.531999
         0          0          0          1

-0.656112  0.645758 -0.390531  0.123517
-0.447213 0.0841344  0.890461  0.402089
 0.607879  0.758893   0.23359   1.00814
        0         0         0         1

 -0.906075   0.378923   0.188271   0.118408
  0.111738   0.643451  -0.757288 -0.0874329
 -0.408097  -0.665123  -0.625355   0.669632
         0          0          0          1

-0.884853  0.294315 -0.361129 -0.197604
-0.417494 -0.844929  0.334355  0.409689
-0.206722  0.446624  0.870513  0.931167
        0         0         0         1

  0.185222   0.638617  -0.746901  -0.132411
 -0.975922   0.208633 -0.0636305   0.217882
  0.115193   0.740702   0.661884    1.11258
         0          0          0          1

 0.199039 -0.582036  0.788427  0.327623
-0.741014 -0.615871 -0.267582 0.0753563
 0.641312 -0.530977  -0.55388  0.516193
        0         0         0         1

  -0.59718  -0.316807   0.736892   0.352659
 -0.650209  -0.346755   -0.67601  -0.238534
  0.469686  -0.882833 0.00108483   0.645796
         0          0          0          1

 -0.685236   0.699847   0.201657 -0.0141467
 -0.398287  -0.128265  -0.908249  -0.245114
  -0.60977  -0.702682   0.366631   0.964767
         0          0          0          1

 0.937114  0.336373 0.0931109 0.0176072
-0.345067  0.852872  0.391839  0.361446
0.0523925 -0.399328   0.91531  0.874159
        0         0         0         1

   0.67207 -0.0263631   0.740018   0.122767
 -0.196268  -0.969965   0.143692 -0.0510415
  0.714003  -0.241813  -0.657058   0.556329
         0          0          0          1

 -0.368065  -0.879606  -0.301365   0.141288
  0.790931   -0.12579  -0.598837 -0.0116141
  0.488832   -0.45877   0.742006    1.00179
         0          0          0          1

 -0.337402   0.939136 -0.0646882  -0.127275
   0.10865 -0.0294083  -0.993645  -0.234032
  -0.93507  -0.342286 -0.0921146   0.888574
         0          0          0          1

 -0.151284  -0.573371   0.805207   0.334489
  0.857207  -0.481743  -0.181986 -0.0225465
  0.492249   0.662698   0.564378   0.971951
         0          0          0          1

  0.616367  -0.515715  -0.595088  -0.167117
 -0.711407 -0.0406656  -0.701603  -0.138682
  0.337628   0.855794  -0.391948   0.804809
         0          0          0          1

  0.33955  -0.73214 -0.590489 0.0114112
-0.730891 -0.600525  0.324297  0.312425
-0.592034  0.321468 -0.739023  0.503952
        0         0         0         1

-0.628768 -0.731994  0.262365 0.0967204
 0.236592  0.141318  0.961277  0.247487
-0.740726  0.666493 0.0843281  0.823365
        0         0         0         1

  0.830283  -0.268312   0.488508 -0.0206346
 -0.554699  -0.312542   0.771121    0.19111
-0.0542219  -0.911223   -0.40833   0.493442
         0          0          0          1

 0.107445  0.632443 -0.767119 -0.394873
 0.673696  0.521121  0.523992   0.21076
 0.731156 -0.573105 -0.370082  0.680097
        0         0         0         1

 0.330472  0.745249  -0.57913 -0.155454
-0.509356 -0.375751 -0.774188 -0.140154
-0.794572  0.550831  0.255423     1.036
        0         0         0         1

-0.925488 -0.318384   0.20519  0.126395
-0.226301 0.0303672 -0.973584 -0.103722
 0.303742 -0.947475 -0.100155  0.902042
        0         0         0         1

  0.928897   -0.31187  -0.199716  -0.247832
 -0.116758   0.265156   -0.95711 -0.0907685
   0.35145   0.912376   0.209889    1.01762
         0          0          0          1

 -0.476662  -0.705275  -0.524767 -0.0774774
  0.877343  -0.419234  -0.233477 -0.0910586
-0.0553343   -0.57169   0.818601   0.948746
         0          0          0          1

  0.938005  0.0203264  -0.346025 -0.0748264
  0.216366  -0.814245   0.538694   0.243337
 -0.270799  -0.580166  -0.768164   0.719005
         0          0          0          1

 -0.475019   0.821286   0.315985   0.133919
  0.655356   0.569808   -0.49581  -0.113451
 -0.587252 -0.0284359  -0.808904    0.55507
         0          0          0          1

  0.815817   0.565671   0.120246 -0.0113228
 0.0180811   0.182876   -0.98297  -0.203414
 -0.578028   0.804097   0.138965   0.712306
         0          0          0          1

  0.595397   0.803423 0.00384488 -0.0483351
 -0.137491  0.0971741   0.985725    0.22318
   0.79158  -0.587426   0.168321   0.960005
         0          0          0          1

 0.564503 -0.809828  0.159737  0.146752
 0.245256  0.349337   0.90433  0.337949
-0.788154  -0.47132  0.395817  0.967837
        0         0         0         1

  0.862763    0.41183  -0.293321 -0.0537335
-0.0486648   0.645078   0.762565     0.1089
  0.503262  -0.643639   0.576591    1.04036
         0          0          0          1

 0.144064 -0.440543  0.886097   0.22194
-0.976529 -0.208174 0.0552683  0.136778
 0.160114 -0.873261 -0.460194   0.46131
        0         0         0         1

  0.545481    -0.7263   0.418256   0.303616
 -0.608955  -0.686338  -0.397636  -0.139112
  0.575868 -0.0377959  -0.816668   0.488933
         0          0          0          1

 0.847141 -0.492955  0.198361 0.0208535
 0.489474  0.578654 -0.652361 -0.124974
 0.206802  0.649735   0.73149  0.908985
        0         0         0         1

 -0.322784   -0.93184   0.165785 -0.0142665
  -0.73987   0.357661   0.569798   0.255038
 -0.590256  0.0612625  -0.804888   0.703573
         0          0          0          1

 0.879721  0.461336 -0.115152 -0.106414
 0.078231 0.0984457  0.992063  0.416785
  0.46901 -0.881747  0.050514   0.69776
        0         0         0         1

 -0.861685  -0.492702   0.121421  0.0940435
 0.0108889  -0.257178  -0.966303 -0.0906225
  0.507327  -0.831326   0.226971    1.04209
         0          0          0          1

 -0.441841   0.101718  -0.891308  -0.357918
 -0.823917   0.347021   0.448037   0.302676
  0.354876   0.932325 -0.0695203   0.864394
         0          0          0          1

  0.46205  0.324315  0.825427   0.21486
-0.877311  0.030976  0.478922  0.274105
 0.129753 -0.945442  0.298837  0.889791
        0         0         0         1

  0.849057  -0.220486   0.480092    0.18093
 -0.236938   -0.97115 -0.0269758   0.190901
  0.472189 -0.0908481  -0.876803   0.437028
         0          0          0          1

 -0.759114 -0.0512884   0.648934   0.340555
  0.622349  -0.349471   0.700394   0.299358
  0.190862   0.935542   0.297208    1.00067
         0          0          0          1

  0.698642   0.489503   -0.52181 -0.0519039
  0.711165   -0.55501   0.431518   0.256795
-0.0783805   -0.67257  -0.735871   0.599971
         0          0          0          1

  0.939509    0.20049  -0.277717 -0.0204404
 -0.267002 -0.0791953  -0.960436  -0.216053
 -0.214551    0.97649 -0.0208736    0.81163
         0          0          0          1

-0.503205 -0.453344 -0.735706 -0.192954
 0.654921  0.355367 -0.666928 -0.157449
 0.563794 -0.817431  0.118081  0.698665
        0         0         0         1

-0.746701  0.570429 -0.342123  0.204451
-0.578394 -0.302828  0.757466  0.182429
 0.328477  0.763483  0.556055   1.10643
        0         0         0         1

 0.593317 -0.341617 -0.728885 -0.363501
-0.782553 -0.456979 -0.422824 0.0123919
-0.188641   0.82126 -0.538467  0.813494
        0         0         0         1

   0.768096    0.640321 -0.00417902     -0.2264
   0.638859   -0.766752  -0.0628528   0.0889763
 -0.0434502   0.0456072   -0.998014    0.593051
          0           0           0           1

  0.787744   0.410032   -0.45971  -0.147411
 0.0844153  -0.811094  -0.578793 -0.0160651
 -0.610191   0.417134  -0.673547   0.523971
         0          0          0          1

-0.533589  0.475719  0.699267  0.433857
 -0.74388 -0.657376 -0.120412 0.0411587
 0.402399 -0.584422  0.704646  0.859764
        0         0         0         1

 0.248393 -0.700978 -0.668529 -0.120194
-0.966029 -0.128433 -0.224262 0.0389942
0.0713418  0.701523 -0.709067  0.497088
        0         0         0         1

 -0.198452  -0.255655   -0.94618  -0.251568
  -0.75112  -0.580498   0.314389   0.190519
 -0.629631   0.773086 -0.0768264   0.965919
         0          0          0          1

  0.430774   -0.66935   0.605313   0.252644
   0.86368   0.500283 -0.0614329 -0.0106547
 -0.261708    0.54926   0.793613   0.893037
         0          0          0          1

 0.681773 -0.574961 -0.452333   0.15729
 -0.13058 -0.704023  0.698069  0.431512
-0.719815 -0.416859 -0.555062  0.752885
        0         0         0         1

 -0.950653   0.287808   0.115872  0.0990155
 -0.304774  -0.936185  -0.175128 -0.0558563
 0.0580742  -0.201801   0.977703    1.10415
         0          0          0          1

 0.126822  0.575605  0.807833   0.18389
  0.64671  0.569537  -0.50734 -0.134232
-0.752118  0.586776  -0.30002  0.641771
        0         0         0         1

  0.744147  -0.513316   0.427495   0.211573
-0.0841906   0.562778    0.82231    0.34233
 -0.662689   -0.64791   0.375573    0.88427
         0          0          0          1

  0.96383 -0.138113 -0.227938 0.0518868
 0.209225 -0.137678  0.968127  0.443811
-0.165093   -0.9808 -0.103802  0.749483
        0         0         0         1

  0.386846   0.728586  -0.565255  -0.140978
 -0.892747   0.449444 -0.0316625  -0.084977
  0.230982   0.516878   0.824309   0.934513
         0          0          0          1

 -0.356656   0.930559 -0.0828079  -0.083502
  0.722569   0.330949   0.606932   0.252475
  0.592191   0.156631  -0.790428   0.480108
         0          0          0          1

   0.139779   -0.966539    0.215091    0.221087
0.000361095    0.217273    0.976111    0.134469
  -0.990183   -0.136362   0.0307192    0.957381
          0           0           0           1

 0.364809 -0.906175 -0.213919 -0.207079
-0.812153 -0.422054  0.402836  0.228338
-0.455325 0.0267772 -0.889922  0.492999
        0         0         0         1

  0.209887  -0.895126  -0.393315  -0.177588
 -0.386007  -0.445461   0.807814   0.393777
 -0.898302 -0.0177274  -0.439021    0.74916
         0          0          0          1

 -0.731154   0.459005  -0.504706  -0.184556
 -0.681091  -0.533536   0.501452   0.338568
-0.0391097   0.710389   0.702721    1.05941
         0          0          0          1

 -0.634828   0.745166  -0.204259  0.0941201
 -0.772361  -0.619291     0.1412   0.229691
-0.0212787   0.247399    0.96868    1.10233
         0          0          0          1

  0.41048 -0.520632 -0.748631 -0.225296
-0.349006  0.668773 -0.656458 -0.173174
 0.842437   0.53074 0.0928143   0.81697
        0         0         0         1

 -0.939199  -0.273661  -0.207399  0.0224904
  0.343302  -0.736101  -0.583352  -0.195267
0.00697383  -0.619085   0.785293   0.963976
         0          0          0          1

-0.702703 -0.591631  0.395198  0.319487
 0.102859 -0.634098 -0.766381 -0.109056
 0.704009 -0.497889  0.506437  0.781682
        0         0         0         1

  0.968891 0.00747719  -0.247377  -0.248524
  0.153052  -0.803594   0.575163   0.177391
  -0.19449  -0.595131  -0.779739   0.566122
         0          0          0          1

-0.165529  0.908801 -0.382989 -0.129007
-0.358767  0.306247  0.881759  0.187211
 0.918633  0.283361  0.275355  0.874666
        0         0         0         1

 -0.766582   0.587613  -0.258966  0.0760284
 -0.561196  -0.809061  -0.174585 -0.0163626
 -0.312108  0.0114971   0.949977   0.961133
         0          0          0          1

  0.681191  -0.729848  0.0574468 -0.0125795
  0.679187   0.659295   0.322544  0.0389222
 -0.273282  -0.180697    0.94481   0.982332
         0          0          0          1

 0.724453  0.362384 -0.586384  -0.13383
 0.678755 -0.523407  0.515108  0.210019
 -0.12025 -0.771182 -0.625154  0.702298
        0         0         0         1

 0.576917  0.444522  -0.68525 -0.167563
 -0.14124  0.880595  0.452332  0.113067
 0.804499 -0.164173  0.570814  0.919838
        0         0         0         1

-0.0499411   0.815755  -0.576237  -0.112045
 -0.923944   0.181352   0.336808   0.284958
  0.379254   0.549232   0.744655    1.05784
         0          0          0          1

-0.206383  0.832175 -0.514675 -0.323497
 -0.88515  -0.38297  -0.26428 0.0818838
-0.417032  0.401022  0.815638   1.01988
        0         0         0         1

 -0.375778   0.128309  -0.917784 -0.0633635
 -0.233367  -0.971554 -0.0402764   0.275441
 -0.896845   0.199045   0.395031   0.945226
         0          0          0          1

-0.273333  0.526985  0.804721  0.379407
-0.836158 -0.543734 0.0720627 0.0875809
  0.47553 -0.653177  0.589263   0.83589
        0         0         0         1

 -0.822133 -0.0869871   -0.56261 -0.0488435
  0.444797  -0.714961  -0.539432  -0.111515
 -0.355321  -0.693732   0.626485   0.891012
         0          0          0          1

  0.563027   0.513946  -0.647194  -0.199194
  0.826268  -0.365986   0.428178   0.336585
-0.0168036  -0.775831  -0.630717   0.620695
         0          0          0          1

  -0.75958  -0.204281  -0.617501 -0.0139523
 -0.152151  -0.867247    0.47406  0.0155417
 -0.632368    0.45404   0.627661    1.05179
         0          0          0          1

 -0.379907    0.31532  -0.869623 -0.0381143
 -0.609705  -0.792352 -0.0209441  0.0350861
 -0.695651   0.522256   0.493272    1.06388
         0          0          0          1

-0.651553  0.622409  0.433689 0.0304341
-0.293693 -0.734073  0.612276  0.359458
 0.699446  0.271559  0.661084   1.01677
        0         0         0         1

  0.790473  -0.405131  -0.459371  -0.108759
 -0.428149   0.170838  -0.887414   -0.16105
  0.437996   0.898156 -0.0384133   0.735861
         0          0          0          1

 0.120388 -0.909264   0.39843  0.399836
  0.97241  0.188792  0.137027 0.0931121
-0.199814  0.370941  0.906905   1.01598
        0         0         0         1

 0.275281 -0.914614  0.296146  0.351857
 0.890937  0.358441   0.27884 0.0431215
-0.361182  0.187088  0.913535  0.987365
        0         0         0         1

-0.483639  -0.27384 -0.831327 -0.198914
-0.396935 -0.777892  0.487162  0.352632
-0.780087  0.565593  0.267523  0.876061
        0         0         0         1

  0.358342   0.562153  -0.745369  -0.185787
0.00878633   0.796324   0.604807  0.0595058
  0.933549  -0.223277   0.280417    0.94314
         0          0          0          1

   0.79778   0.246863   0.550097 0.00153441
 -0.491241  -0.262895   0.830402   0.408683
  0.349613  -0.932708 -0.0884627   0.717604
         0          0          0          1

  0.45799  0.388123 -0.799753 -0.164082
-0.357276  -0.74343 -0.565389 -0.110324
-0.814001  0.544676 -0.201817  0.886196
        0         0         0         1

-0.732652  0.674867 0.0881814  0.125385
-0.448775 -0.576431  0.682882  0.429901
 0.511685  0.460742  0.725187  0.987398
        0         0         0         1

 -0.973639  -0.227452 -0.0171156  0.0566029
  0.141641  -0.544081  -0.826991  -0.177019
  0.178789  -0.807615   0.561955   0.899449
         0          0          0          1

-0.203358  0.978231 0.0413482 0.0560032
 0.504604 0.0685216  0.860627  0.466612
 0.839059   0.19588 -0.507554  0.598616
        0         0         0         1

 -0.216637  -0.834243  -0.507057 -0.0857772
 -0.965561    0.10644   0.237409   0.258812
 -0.144086   0.541026  -0.828571   0.536293
         0          0          0          1

  -0.36308  -0.325796   0.872943   0.357712
  0.909825  -0.326045   0.256735 -0.0825524
  0.200976   0.887441   0.414798   0.980667
         0          0          0          1

-0.780939 -0.428377  0.454564  0.338786
-0.360522 -0.285148 -0.888096 -0.218602
 0.510058 -0.857429 0.0682442  0.716139
        0         0         0         1

0.0448304  0.536866 -0.842476 -0.296783
-0.217479 -0.817853 -0.532748 0.0675951
-0.975035  0.207104 0.0800925  0.767128
        0         0         0         1

-0.0161753  -0.966282  -0.256976  0.0123505
 -0.923288 -0.0842106   0.374765   0.333824
 -0.383769   0.243325  -0.890794   0.687083
         0          0          0          1

-0.819087 -0.247846  0.517368   0.32297
 0.486918 -0.777217  0.398553 0.0197537
 0.303327  0.578366  0.757289   1.08047
        0         0         0         1

 0.207729  0.479398  0.852658  0.195756
 0.684597 -0.693865  0.223333 0.0679985
 0.698695  0.537335 -0.472331  0.604047
        0         0         0         1

 0.272512  0.303347  0.913081  0.277283
 0.889728  0.281768 -0.359152  -0.03578
-0.366225  0.910268 -0.193112  0.777458
        0         0         0         1

 0.856061  0.281497 -0.433497 -0.138852
 0.402879 -0.888803  0.218442  0.149352
-0.323802 -0.361647 -0.874279  0.599754
        0         0         0         1

 -0.213317  -0.890356  -0.402197  0.0706846
  0.535796  -0.450856   0.713899   0.457741
 -0.816957 -0.0632089   0.573224    0.99006
         0          0          0          1

  0.860704   0.398164  -0.317262 -0.0899101
 0.0618519  -0.700338  -0.711126 -0.0819236
 -0.505335   0.592446  -0.627411   0.571563
         0          0          0          1

 -0.275575   -0.79587   -0.53912  -0.282025
 -0.856919 -0.0507542   0.512946   0.313073
 -0.435601   0.603337  -0.668009   0.634278
         0          0          0          1

 -0.069611   0.832023   0.550356   0.184527
 -0.806051   0.278128  -0.522424 -0.0461025
 -0.587738  -0.479981   0.651292    1.02712
         0          0          0          1

 -0.575606   0.435782  -0.691934 -0.0700776
 -0.494508  -0.859413  -0.129891 -0.0114461
 -0.651261   0.267401   0.710181     1.1048
         0          0          0          1

-0.710501 -0.428918  0.557869  0.372611
-0.499588  0.865765 0.0293706  0.120382
-0.495581 -0.257837 -0.829409  0.584377
        0         0         0         1

-0.968159  0.131958 -0.212732  0.210702
-0.143559 -0.988834 0.0399758  0.163567
-0.205082 0.0692426  0.976292   1.03574
        0         0         0         1

-0.315296 -0.382761  0.868379  0.466928
-0.207804 -0.864999 -0.456721 0.0233363
 0.925962 -0.324455  0.193191   0.89489
        0         0         0         1

 0.228982  0.780635 -0.581529 -0.250532
 0.161469 -0.619586 -0.768141  0.138534
-0.959945 0.0819916 -0.267923  0.787072
        0         0         0         1

  0.261896   -0.92722    0.26772   0.209501
