-0.974737  0.118239  -0.18949 0.0606744
-0.214858 -0.728143  0.650879  0.360077
-0.0610166   0.67515  0.735153   1.04624
        0         0         0         1

  0.512357   0.817887  -0.261822 -0.0955228
  0.855989  -0.510911  0.0790803   0.251987
 -0.069089  -0.264634  -0.961871   0.532913
         0          0          0          1

 -0.308971   0.949071 -0.0616478   0.106643
 -0.321935  -0.043373   0.945768   0.484873
  0.894927   0.312062    0.31894   0.855281
         0          0          0          1

   0.1553  -0.97741  -0.14336     0.217
0.0773825  0.156711 -0.984608 -0.242225
 0.984832  0.141816 0.0999717  0.781754
        0         0         0         1

   0.991268    0.126773   0.0362839 -0.00527617
  0.0707437   -0.743489    0.664996    0.378479
    0.11128   -0.656622   -0.745965    0.484479
          0           0           0           1

 0.593788  0.722782  0.353556  0.172733
 -0.33759 -0.175068   0.92487  0.422937
 0.730376 -0.668533  0.140051  0.748837
        0         0         0         1

 -0.358529  -0.758907   0.543616   0.306254
  0.650517  -0.620767   -0.43758 -0.0900888
  0.669541   0.196746   0.716244   0.942586
         0          0          0          1

 -0.277788  -0.800928   0.530422   0.299127
  0.953561  -0.296815  0.0512047 -0.0129475
  0.116426   0.520014   0.846186    1.09191
         0          0          0          1

  0.875255  -0.391626  -0.283826 -0.0560868
 -0.102432   -0.72361   0.682566   0.360106
  -0.47269  -0.568347  -0.673459   0.561209
         0          0          0          1

-0.912454 -0.166964  0.373564   0.26792
 0.211532   0.58902  0.779942  0.340076
-0.350259  0.790682 -0.502136  0.787898
        0         0         0         1

 0.288142  0.778247  0.557947  0.179244
-0.597381  -0.30929  0.739916   0.32491
 0.748405 -0.546508  0.375791   0.70142
        0         0         0         1

-0.493206 -0.724953  0.480823  0.251176
 0.755509 -0.630957 -0.176348 -0.070534
 0.431223  0.276291  0.858901  0.962536
        0         0         0         1

  -0.70009  0.0288962    0.71347   0.298805
 -0.697421   0.186738  -0.691905 -0.0371327
 -0.153225  -0.981985   -0.11058    0.51199
         0          0          0          1

  0.70699  0.289844 -0.645102 -0.301858
 0.644721 -0.639066   0.41944  0.340558
 -0.29069  -0.71245 -0.638681  0.623801
        0         0         0         1

 0.233179 -0.876632 -0.420885 0.0192699
 0.175966 -0.387633  0.904863   0.31986
 -0.95638 -0.285056 0.0638691  0.914924
        0         0         0         1

 -0.655083   0.755079 -0.0268697 -0.0407888
 -0.675551  -0.569419   0.468394   0.361927
  0.338375   0.324989   0.883111   0.937464
         0          0          0          1

-0.833481 -0.513306  0.204514  0.244849
-0.140698 -0.160768 -0.976912 -0.322791
 0.534334 -0.843013 0.0617761  0.878182
        0         0         0         1

0.0912426 -0.929083  0.358441  0.278777
 0.809725 -0.140305  -0.56979 -0.023114
 0.579673  0.342228  0.739499  0.893091
        0         0         0         1

 0.642397  0.185424 -0.743602 -0.291069
0.0977807  0.942528    0.3195  0.328876
 0.760108 -0.277956  0.587346  0.982371
        0         0         0         1

 0.625458  0.761002 -0.172274 -0.216391
-0.486375  0.552905  0.676562   0.34088
 0.610116 -0.339372  0.715951  0.960624
        0         0         0         1

-0.273775 -0.227478  0.934506  0.431977
 0.687144 -0.726106 0.0245582 -0.031534
 0.672964  0.648863    0.3551  0.956157
        0         0         0         1

-0.737455  0.665112  0.117412   0.28264
 0.356331  0.530827 -0.768929  -0.16296
-0.573749 -0.525213 -0.628461  0.578589
        0         0         0         1

 0.588747 -0.746579  0.309832  0.214806
0.00588181 -0.379338 -0.925239 -0.205656
 0.808296  0.546555 -0.218943  0.693001
        0         0         0         1

 0.860332 -0.198536 -0.469481  -0.24187
 0.280202  0.953593  0.110215  0.249204
 0.425812 -0.226371  0.876037   1.02333
        0         0         0         1

 0.181173  0.150534  0.971862  0.411334
 -0.92417 -0.311853  0.220585  0.259248
 0.336284  -0.93813 0.0826196  0.766239
        0         0         0         1

  0.983936  0.0866582   0.156075 -0.0663151
 -0.122656  -0.307072   0.943749   0.352175
   0.12971  -0.947733  -0.291511    0.61826
         0          0          0          1

 -0.235171   0.750776   0.617276   0.267895
 -0.960851  -0.275299 -0.0312289   0.164802
  0.146489  -0.600454   0.786127   0.955917
         0          0          0          1

  0.946929 -0.0300654   0.320035  0.0560256
 -0.213139  -0.804006    0.55511   0.330893
   0.24062  -0.593861  -0.767744   0.554194
         0          0          0          1

 -0.929042   0.284902  -0.236032  -0.152418
 -0.263922 -0.0632578   0.962467   0.487281
  0.259278   0.956467   0.133961   0.806835
         0          0          0          1

 0.351562 -0.608061 -0.711805 -0.306142
-0.451917 -0.776114  0.439794   0.25947
-0.819863  0.167062 -0.547645  0.610049
        0         0         0         1

    0.243058    -0.968041    -0.061801 -0.000713702
   -0.375147    -0.152565     0.914324     0.483651
   -0.894532    -0.199049     -0.40024     0.650936
           0            0            0            1

 -0.144421   0.122794   0.981868   0.476753
 -0.723063  -0.690493 -0.0199998     0.1017
  0.675516  -0.712841   0.188509   0.911549
         0          0          0          1

 0.212048 -0.729897  0.649836  0.373187
 0.578279   0.62976  0.518649  0.201354
  -0.7878  0.265807  0.555623   1.01251
        0         0         0         1

  0.746039   0.559228   0.361511   0.016389
  0.604896  -0.796128 -0.0167613   0.195735
  0.278436   0.231181  -0.932217   0.539548
         0          0          0          1

-0.619304  0.210799  0.756324  0.307565
-0.227412 -0.970153 0.0841841  0.162417
 0.751496 -0.119861  0.648758  0.809866
        0         0         0         1

 -0.381876  -0.394555  -0.835761 -0.0218243
 -0.836868  -0.236131   0.493857   0.379039
 -0.392203   0.888014  -0.240018   0.744079
         0          0          0          1

-0.948459  0.316449 0.0168814  0.103365
-0.306324 -0.929155  0.206971  0.308091
0.0811812  0.191132  0.978201   1.11582
        0         0         0         1

 -0.876173   0.479225  0.0516102 -0.0806852
 -0.204733  -0.466961   0.860251   0.322985
  0.436354   0.743163   0.507252    0.71203
         0          0          0          1

 0.0318594  -0.966184   0.255878   0.180531
 -0.170175   0.247026   0.953949   0.419376
 -0.984899 -0.0739363   -0.15655   0.763031
         0          0          0          1

 0.849047  0.255929   0.46219  0.137089
-0.368973 -0.338885  0.865457  0.469579
 0.378125 -0.905349 -0.193298  0.678081
        0         0         0         1

 -0.0731352   0.0561529     0.99574    0.494451
 -0.0781365   -0.995667   0.0504099 -0.00990678
   0.994256  -0.0741169   0.0772059    0.826402
          0           0           0           1

-0.630132  0.746867 -0.212423  0.165265
-0.574971 -0.264939   0.77409  0.316633
 0.521863  0.609916  0.596373   1.02065
        0         0         0         1

 0.209651  0.891893 -0.400716 -0.257647
-0.661626  0.431153   0.61348  0.301951
 0.719928  0.136508  0.680492   1.04524
        0         0         0         1

-0.715337 0.0753025  0.694711  0.313352
-0.614561 -0.540966  -0.57417 -0.106481
 0.332578 -0.837667  0.433251  0.710781
        0         0         0         1

 0.637606 -0.427864  0.640618  0.373698
-0.390562  0.537246  0.747548    0.3289
-0.664018 -0.726842  0.175444  0.843876
        0         0         0         1

-0.770474 -0.215914 -0.599793 -0.133447
-0.629856  0.112844  0.768471  0.403039
 -0.09824   0.96987 -0.222938  0.737947
        0         0         0         1

   -0.45798    0.133867   -0.878825   -0.275435
  -0.281919   -0.959438 0.000769609    0.232538
  -0.843075     0.24811    0.477143    0.992149
          0           0           0           1

-0.0385169 -0.968624  0.245527  0.229394
-0.567285 -0.181079 -0.803367 -0.235391
  0.82262 -0.170227 -0.542511  0.571686
        0         0         0         1

 -0.832391   0.446732   0.327957   0.188929
 -0.499528  -0.861082 -0.0949188   0.110341
  0.239995  -0.242833   0.939912   0.938906
         0          0          0          1

  0.644646  -0.724295   0.244599 -0.0315992
 -0.727464  -0.679541 -0.0949764   0.242131
  0.235006  -0.116711  -0.964962   0.581998
         0          0          0          1

  0.922489  -0.330941   0.198724   0.244764
  0.194163 -0.0471478  -0.979836  -0.284001
  0.333637   0.942473  0.0207633   0.720463
         0          0          0          1

     0.725  -0.416732   0.548369   0.263823
  0.683781   0.530957  -0.500529 -0.0984093
-0.0825735   0.737848   0.669897   0.783546
         0          0          0          1

 0.847761  0.522633 0.0903095 -0.165928
 0.447479 -0.796216  0.407188  0.254066
 0.284716 -0.304787 -0.908869  0.495047
        0         0         0         1

-0.643374  0.612579  0.459148 0.0632822
  0.73694  0.333135  0.588167  0.273788
 0.207341  0.716776 -0.665765   0.54442
        0         0         0         1

  0.412113  -0.511827  -0.753788  -0.318357
 -0.894933 -0.0720745  -0.440341  0.0855079
   0.17105    0.85606  -0.487754   0.753856
         0          0          0          1

 -0.356487   0.553426  -0.752753   -0.22584
  0.506132  -0.562833   -0.65349  0.0247833
 -0.785333  -0.613953 -0.0794634   0.914399
         0          0          0          1

-0.0948414  0.992251 0.0802692   0.04133
-0.522935  -0.11827  0.844127  0.473748
  0.84708 0.0380827    0.5301  0.931748
        0         0         0         1

  0.664627  -0.511323  -0.544811  -0.099517
 -0.608413  -0.793616 0.00261736   0.200738
 -0.433709   0.329731  -0.838555   0.589532
         0          0          0          1

-0.274031    0.7328 -0.622825 -0.150524
 0.614709 -0.364593 -0.699432  -0.15299
-0.739622 -0.574522 -0.350549  0.675462
        0         0         0         1

-0.0312473  0.453032  0.890947  0.449706
-0.288158 -0.857617  0.425978  0.248636
 0.957073 -0.243423  0.157343  0.854372
        0         0         0         1

  -0.99606 -0.0702129  0.0541687 -0.0502704
-0.0677702   0.996654  0.0456877  -0.125852
-0.0571953  0.0418367  -0.997486   0.572684
         0          0          0          1

  0.116785   0.980782   0.156296  -0.194367
  0.933976 -0.0549441  -0.353087 -0.0790991
 -0.337713   0.187212  -0.922443   0.632052
         0          0          0          1

-0.394121  0.914373 0.0926825  0.318992
-0.808936 -0.392994  0.437239  0.257543
 0.436223 0.0973506  0.894557  0.942765
        0         0         0         1

  0.872986   0.453206   0.180278 0.00736285
-0.0259053  -0.326011   0.945011   0.274455
  0.487057  -0.829652  -0.272862   0.498136
         0          0          0          1

-0.420649  -0.39436  0.817028  0.372813
-0.853403  0.477577 -0.208862 0.0784892
-0.307828 -0.785112  -0.53744  0.509707
        0         0         0         1

-0.855939  0.404682  0.321871  0.219147
-0.363301 -0.913612  0.182555  0.188189
 0.367942 0.0393197  0.929017   0.99068
        0         0         0         1

 0.396997  0.328927  0.856855  0.432478
-0.00646925  -0.93255  0.360982  0.223331
 0.917797 -0.148852 -0.368092  0.641141
        0         0         0         1

 0.628042 0.0925835 -0.772653 -0.214392
-0.401435  0.889131 -0.219762  0.278768
 0.666643   0.44819  0.595578   1.05836
        0         0         0         1

 -0.166472  -0.859495   0.483275   0.390372
  0.421743  -0.505085  -0.753008 -0.0604717
  0.891303  0.0784631   0.446568   0.792804
         0          0          0          1

  0.705313  -0.604241   0.370711   0.336548
  0.522912  0.0903749  -0.847582 -0.0982151
  0.478641    0.79166   0.379707   0.650198
         0          0          0          1

-0.223785 -0.818372  0.529328  0.243689
-0.855692  0.424976  0.295275  0.200653
-0.466596 -0.386863 -0.795377  0.678864
        0         0         0         1

-0.229346 -0.904696 -0.359062  0.203336
 0.325034  0.276534 -0.904368  -0.28154
 0.917471 -0.324121  0.230635  0.770938
        0         0         0         1

-0.0507434  0.401596   0.91441  0.316296
-0.825233 -0.532551  0.188095  0.128543
 0.562508 -0.745057  0.358434  0.786343
        0         0         0         1

-0.515688  0.611218  0.600399 0.0715578
 0.813834  0.130378  0.566282  0.271224
 0.267843   0.78065 -0.564665  0.467936
        0         0         0         1

-0.381885 -0.791344  0.477429  0.112315
-0.909419  0.229701 -0.346691  0.192753
 0.164686 -0.566579 -0.807383  0.536764
        0         0         0         1

-0.0242592 -0.0911699    0.99554   0.411549
  0.681357  -0.730223 -0.0502694   0.142349
  0.731549   0.677099  0.0798339   0.761843
         0          0          0          1

 -0.530552   0.844917 -0.0680434   0.118825
 -0.628254  -0.338072   0.700717   0.413687
  0.569044   0.414516   0.710187    1.00927
         0          0          0          1

 0.067827 -0.908082  0.413262 0.0608286
-0.981231 -0.135661 -0.137049  0.217183
 0.180516  -0.39621  -0.90024  0.529924
        0         0         0         1

-0.944525  0.258445 -0.202679  0.200348
-0.284631 -0.952015  0.112483 0.0309939
-0.163883  0.163932  0.972763   1.00935
        0         0         0         1

-0.635972  0.506297  0.582411  0.135898
-0.171411 -0.828524  0.533072  0.317213
 0.752434  0.239187  0.613703  0.855556
        0         0         0         1

  0.443624  -0.890598  -0.100167 0.00302792
 -0.800728  -0.444076   0.402035    0.29503
 -0.402533 -0.0981461  -0.910129   0.573602
         0          0          0          1

 0.323092 -0.889751 -0.322421 -0.115381
-0.542533 -0.453291  0.707238  0.395047
-0.775416 -0.053579 -0.629174  0.526736
        0         0         0         1

 0.848944 -0.269535  0.454582  0.298638
-0.528419   -0.4463  0.722212  0.408842
0.00821877 -0.853327 -0.521311   0.68761
        0         0         0         1

 0.171401  0.787282  0.592291  0.280173
-0.214355 -0.556985  0.802384  0.419792
   0.9616 -0.264489 0.0732899  0.736217
        0         0         0         1

-0.902351  0.246852 -0.353309  0.154779
-0.309802 -0.941382  0.133505 0.0729894
-0.299643  0.229924  0.925932    1.0457
        0         0         0         1

  0.533104  -0.426514  -0.730675  -0.196965
  -0.65563  -0.754118 -0.0381526   0.168613
 -0.534742   0.499392  -0.681659   0.586895
         0          0          0          1

  0.457007   0.682303   -0.57062  -0.283074
  0.430596   -0.73106  -0.529282 -0.0592168
 -0.778288 -0.0038214  -0.627896   0.548094
         0          0          0          1

 -0.836476   0.547578  0.0215952  0.0117257
  -0.54744  -0.833181 -0.0782183   0.264861
-0.0248379 -0.0772498   0.996702    1.02714
         0          0          0          1

 -0.143696  -0.973617    0.17726  0.0269521
 -0.580754   0.227996     0.7815    0.44839
 -0.801296 0.00935375  -0.598195   0.659316
         0          0          0          1

  0.224063   0.592059    0.77412   0.187541
 -0.194302  -0.751231   0.630792   0.283931
  0.955009   -0.29175 -0.0532843   0.626553
         0          0          0          1

 -0.762863   0.568189  -0.308548 -0.0548231
 -0.626147  -0.530259   0.571634   0.350159
  0.161185   0.629275   0.760285    1.06782
         0          0          0          1

   0.922479    0.386046 0.000333829  -0.0276017
  -0.111681     0.26604    0.957471    0.392497
   0.369539   -0.883284     0.28853    0.700461
          0           0           0           1

  0.49947 -0.337407  0.797926  0.357342
-0.652596 -0.752295 0.0903873  0.133352
 0.569779 -0.565869  -0.59594  0.525469
        0         0         0         1

 -0.51549 -0.846594  0.132472  0.134594
 0.534423 -0.438478 -0.722586 -0.189802
 0.669823  -0.30169   0.67847  0.932968
        0         0         0         1

 0.824007 -0.367268 -0.431424 -0.133191
0.0177796 -0.744317   0.66759  0.279263
  -0.5663 -0.557769 -0.606793  0.652011
        0         0         0         1

-0.830326  0.511077   0.22217  0.291535
  0.50148  0.511362  0.697873  0.347719
 0.243058  0.690876 -0.680891  0.785901
        0         0         0         1

 -0.177985  -0.580469  -0.794592  -0.300238
  0.168145   -0.81355   0.556655   0.346038
 -0.969561 -0.0345305   0.242403   0.872197
         0          0          0          1

-0.807477  0.499362  0.314036 0.0797078
-0.186073  -0.72079  0.667712  0.423269
 0.559783  0.480729  0.674939   1.01733
        0         0         0         1

 0.478536  0.597479  0.643445  0.243611
-0.669142 -0.226348  0.707825  0.281255
 0.568553 -0.769276  0.291483  0.664972
        0         0         0         1

 -0.342465  -0.919647   0.192266   0.197262
  0.693201  -0.385462  -0.609009  -0.214283
  0.634184 -0.0752856   0.769508   0.884426
         0          0          0          1

 -0.658894   0.375024   0.652085   0.327887
 -0.745369  -0.442347  -0.498752 -0.0255114
  0.101404  -0.814669   0.570992   0.960375
         0          0          0          1

-0.875441  0.325929 -0.356894 0.0799382
-0.409668 -0.892209  0.190093  0.263198
-0.256467  0.312623  0.914599   1.00776
        0         0         0         1

-0.0342192 -0.964061 -0.263468  0.165743
 0.997577 -0.048926 0.0494608  0.182111
-0.0605737 -0.261137  0.963399   1.02324
        0         0         0         1

0.0152287  0.803331  0.595338  0.315769
-0.984168  0.117192 -0.132961  0.119066
-0.176581 -0.583888  0.792398  0.877045
        0         0         0         1

0.0754771   0.58334 -0.808714 -0.219387
-0.821214 -0.423671 -0.382245 0.0804625
-0.565607  0.692978  0.447069   1.04165
        0         0         0         1

-0.807132 -0.385382  0.447235    0.2874
 0.298865  0.386584  0.872486  0.362178
-0.509134  0.837874 -0.196847  0.837685
        0         0         0         1

 -0.412287  -0.823045  -0.390662    0.14804
 -0.676424   0.563786  -0.473915 -0.0885334
  0.610303  0.0688647  -0.789169   0.480707
         0          0          0          1

-0.857063  0.485062  -0.17366 -0.127227
 0.155475  0.564852  0.810413  0.312154
 0.491193  0.667575 -0.559529  0.536662
        0         0         0         1

 0.572845 -0.131965 -0.808971 -0.268514
-0.587444 -0.754394 -0.292917 0.0661844
-0.571628  0.643021 -0.509673  0.670706
        0         0         0         1

 -0.31102 -0.836021  0.452035  0.302523
-0.731228  0.514316   0.44809  0.279538
-0.607102 -0.191175 -0.771284  0.539267
        0         0         0         1

-0.805267  0.187438  0.562505  0.175036
-0.130172 -0.981459  0.140692  0.357637
 0.578447 0.0400728  0.814735  0.915858
        0         0         0         1

 0.975803  -0.13568  0.171462  0.150681
-0.215355 -0.460727  0.861019  0.436925
-0.0378257  -0.87711 -0.478798  0.641571
        0         0         0         1

-0.262697 -0.200974 -0.943716 -0.221792
-0.960577  0.146727  0.236143  0.223092
0.0910096  0.968546 -0.231596  0.824087
        0         0         0         1

 -0.155578  -0.277266   0.948113   0.434646
-0.00261236  -0.959681  -0.281078 -0.0541472
   0.98782 -0.0462063   0.148581     0.8068
         0          0          0          1

  0.968495    0.23728  0.0755974 -0.0852882
  0.197676  -0.917125   0.346129  0.0534282
  0.151462   -0.32028  -0.935136   0.517592
         0          0          0          1

-0.925513  0.206892  0.317208  0.242046
 -0.27645 -0.941554 -0.192485 0.0229318
 0.258845  -0.26584  0.928616   1.09944
        0         0         0         1

 0.851055 -0.524924 0.0126554 0.0576263
-0.462454 -0.760751 -0.455405  0.176888
 0.248681  0.381722 -0.890194  0.521303
        0         0         0         1

 -0.875027  -0.476322  0.0862826   0.142389
  0.121532 -0.0436335   0.991628   0.412874
  -0.46857   0.878187   0.096069   0.970797
         0          0          0          1

 -0.207233  -0.945293  -0.251944   0.150657
   0.97797  -0.206776 -0.0285933 -0.0919072
 -0.025067   -0.25232   0.967319    1.00379
         0          0          0          1

 0.595805 -0.755488  0.272497  0.139041
-0.792546 -0.498177  0.351696 0.0670613
 -0.12995 -0.425509 -0.895575  0.405192
        0         0         0         1

  0.132307  -0.838231   0.529022   0.107329
 -0.983832 -0.0460625   0.173068   0.314795
 -0.120703  -0.543367  -0.830773   0.607738
         0          0          0          1

  -0.85377 0.00654824    0.52061   0.286448
 -0.324812  -0.788175  -0.522759  -0.205617
  0.406909  -0.615416   0.675047    0.75187
         0          0          0          1

 0.572532 -0.447484  0.686997  0.327234
 0.799676  0.119899 -0.588339 -0.186675
 0.180902  0.886218  0.426488   1.02291
        0         0         0         1

-0.844908  0.465925 -0.262763  0.241878
-0.530819 -0.669661  0.519409  0.149446
0.0660441  0.578332  0.813124   1.01014
        0         0         0         1

-0.0833829  0.978492   0.18868 0.0999052
-0.160699 -0.200064  0.966514   0.37958
 0.983475 0.0502701  0.173924  0.713525
        0         0         0         1

 0.141697 -0.307742  -0.94086  -0.25043
 0.635607 -0.700361  0.324804  0.225916
-0.758897 -0.644041 0.0963638  0.900797
        0         0         0         1

 0.700043  0.703738 -0.121213 -0.169682
-0.396012  0.523833  0.754171  0.358013
 0.594234  -0.47995  0.645394    1.0057
        0         0         0         1

   -0.21549    0.937178    0.274337    0.372689
  -0.592767   -0.348796    0.725926    0.258609
    0.77601 -0.00618841    0.630691      1.0113
          0           0           0           1

  0.600798   0.552064  -0.578158  -0.202103
  0.486248   0.321684   0.812454   0.453361
  0.634511  -0.769249 -0.0751732   0.707248
         0          0          0          1

 0.456601  0.120819  0.881429  0.173447
-0.863022  -0.18052   0.47181  0.269744
  0.21612 -0.976122  0.021844  0.531703
        0         0         0         1

  0.251232   0.966235  0.0572033  -0.236464
  0.854927  -0.249225   0.454958   0.209496
  0.453853 -0.0653953  -0.888674   0.563925
         0          0          0          1

 0.0212808  -0.382994   0.923506   0.364038
 -0.458253  -0.824705   -0.33146 0.00887953
  0.888567  -0.416146  -0.193059   0.584362
         0          0          0          1

 -0.864059   0.385705  -0.323471  0.0735493
 -0.363365  -0.922605  -0.129486  0.0290853
 -0.348379 0.00565432   0.937337     1.0786
         0          0          0          1

-0.293432  0.951571 -0.091713  0.222858
-0.953208 -0.283931  0.103816  0.109051
0.0727486  0.117885  0.990359  0.950409
        0         0         0         1

 0.223468 -0.752568  0.619438 0.0287708
-0.970622 -0.113659  0.212073  0.199053
-0.0891947 -0.648631 -0.755858  0.442529
        0         0         0         1

  0.481842   0.847081   0.224234 -0.0439504
  0.824987  -0.524794   0.209734   0.185798
  0.295339  0.0839314  -0.951699   0.446509
         0          0          0          1

 -0.997171 -0.0639401  0.0395158   0.123146
 0.0154069  -0.688425  -0.725144  -0.324827
 0.0735694  -0.722484   0.687463   0.823962
         0          0          0          1

 0.722139  -0.43709  0.536161  0.214409
 0.252196  -0.55538 -0.792433 -0.198623
 0.644137  0.707464 -0.290829   0.73509
        0         0         0         1

  0.612983    0.78998 -0.0135599  0.0885381
 -0.788314   0.612662  0.0566224   0.296144
 0.0530382 -0.0240191   0.998304    1.01346
         0          0          0          1

 0.479332  0.740325  0.471339  0.247228
-0.859405  0.287048  0.423116  0.322328
 0.177946 -0.607883   0.77383  0.964331
        0         0         0         1

  0.867704  -0.337933  -0.364542 -0.0226039
 -0.433107  -0.873874   -0.22082   0.132723
 -0.243941   0.349492  -0.904626   0.537372
         0          0          0          1

  0.85583  0.062586  0.513457   0.26095
-0.399348 -0.550948  0.732788  0.377745
  0.32875  -0.83219 -0.446524  0.560085
        0         0         0         1

-0.00880282  0.912721 -0.408489 -0.326121
 0.640369  0.318896  0.698736  0.289025
 0.768017 -0.255433 -0.587286  0.624614
        0         0         0         1

-0.870921  0.313694  0.378276   0.32713
-0.310163  0.246183 -0.918255 -0.189164
-0.381177 -0.917055  -0.11711  0.579753
        0         0         0         1

 0.886683  0.461246  0.032341   -0.0147
 0.138393 -0.331479  0.933257   0.47336
 0.441182 -0.823027  -0.35775  0.613934
        0         0         0         1

 -0.382627  -0.920904  0.0743764   0.242608
  0.923591  -0.383348 0.00490254    0.14671
 0.0239972  0.0705692   0.997218   0.981768
         0          0          0          1

-0.132513 -0.82272 0.552785  0.26711
 0.33563 0.487512  0.80603 0.426625
-0.932627 0.292341 0.211528 0.885889
       0        0        0        1

 -0.400951  -0.890805  -0.213787  0.0761581
 -0.909324   0.415327 -0.0251699   0.177403
  0.111213    0.18431  -0.976556   0.528671
         0          0          0          1

  0.197985  -0.904226   0.378387   0.327409
 -0.384263  -0.426728  -0.818685 -0.0697183
  0.901745   0.016687  -0.431946    0.55551
         0          0          0          1

 0.284725 -0.222486 -0.932433 -0.182114
-0.388766 -0.915912  0.099831  0.169761
-0.876238  0.334074 -0.347278  0.887425
        0         0         0         1

 0.392005  0.919904 0.0104537 0.0586433
-0.916918  0.389758 0.0857307  0.257232
0.0747895 -0.043192  0.996264   1.06598
        0         0         0         1

  0.475898   0.768632  -0.427464   -0.20158
   0.87873    -0.3952   0.267678 0.00811559
 0.0368118  -0.503013  -0.863495   0.513236
         0          0          0          1

 0.317866 -0.305376  0.897612  0.263277
-0.946228 -0.162198    0.2799  0.219576
0.0601161 -0.938316 -0.340512  0.560747
        0         0         0         1

-0.187752   0.58924   0.78584 0.0573801
 0.929112 -0.152964  0.336678  0.276625
  0.31859  0.793346 -0.518751  0.473371
        0         0         0         1

 0.074012 -0.598983 -0.797334 -0.119156
-0.240422 -0.786662  0.568648  0.403629
-0.967843   0.14961 -0.202231  0.754046
        0         0         0         1

 0.270199  0.179959 -0.945837 -0.270454
 0.904033 -0.385388  0.184931  0.197682
-0.331234 -0.905036 -0.266821   0.71672
        0         0         0         1

 -0.784923    0.61934 -0.0177002    0.23154
  -0.12305  -0.127823   0.984134   0.369808
  0.607251   0.774648   0.176541    1.01026
         0          0          0          1

 -0.492181   -0.35423    0.79516   0.392448
  0.555846  -0.830876 -0.0260891 -0.0899913
  0.669921   0.429146   0.605838   0.947536
         0          0          0          1

-0.591367 -0.555373 -0.584676 -0.114875
 0.762618 -0.620824 -0.181637  0.117154
-0.262104 -0.553298  0.790672   1.07946
        0         0         0         1

0.00803446  0.556056  0.831106  0.327982
 -0.52391 -0.705587  0.477142  0.287016
 0.851736 -0.439258  0.285655  0.712237
        0         0         0         1

  0.560888   0.740674  -0.369875 -0.0495937
 -0.827737   0.493047  -0.267874   0.114659
-0.0160412   0.456406   0.889627     1.1734
         0          0          0          1

 -0.831755  -0.473633  -0.289576 -0.0120856
 -0.496238    0.86817 0.00536908   0.312905
  0.248858   0.148165   -0.95714   0.653395
         0          0          0          1

  0.671555   0.738776 -0.0567728 0.00907583
0.00656657  0.0706842   0.997477   0.516429
  0.740925  -0.670234  0.0426171   0.779401
         0          0          0          1

  -0.52065  -0.813443   0.259295   0.284124
  0.470518 -0.0199577   0.882165   0.355967
 -0.712416   0.581302   0.393131   0.911132
         0          0          0          1

 0.935284  0.120132 -0.332885 -0.087002
 0.173703 -0.975355  0.136054  0.243869
-0.308336 -0.185072 -0.933101    0.7033
        0         0         0         1

  0.173084   0.936898   -0.30375 -0.0492807
  0.512144   0.177815   0.840292   0.410832
  0.841279  -0.301004   -0.44905   0.582762
         0          0          0          1

 0.312032  0.504904  0.804803  0.463807
 0.708166 -0.688311  0.157256 0.0794548
 0.633354  0.520865 -0.572331  0.640527
        0         0         0         1

 -0.419087  -0.224484   0.879757   0.429263
  0.840627  -0.462079    0.28254 0.00934559
  0.343092   0.857957   0.382359   0.928821
         0          0          0          1

-0.664335  0.406514   0.62722  0.169205
 0.148491 -0.750654  0.643792  0.292721
 0.732536   0.52083  0.438322  0.746988
        0         0         0         1

-0.233484 -0.952686 -0.194615 -0.033777
-0.971746   0.23573 0.0118741  0.200579
0.0345641  0.191888 -0.980808  0.531792
        0         0         0         1

-0.00124613   0.0772746    0.997009    0.465355
  -0.999341   0.0360721 -0.00404487   0.0873675
 -0.0362768   -0.996357   0.0771787    0.637836
          0           0           0           1

-0.319865  0.494885 -0.807945 -0.185803
-0.243608 -0.867034 -0.434635  0.201694
 -0.91561 0.0577971  0.397892  0.909621
        0         0         0         1

-0.979224  -0.16243 -0.121397  0.102731
0.0740055 -0.843619  0.531819   0.43601
-0.188796  0.511785  0.838112  0.948862
        0         0         0         1

-0.00950192  -0.963352  -0.268072   0.254076
  0.999073 0.00210997 -0.0429949  -0.120478
 0.0419849  -0.268232   0.962439   0.982129
         0          0          0          1

-0.836296  0.542588  0.078783 0.0123258
 0.473524  0.642346  0.602633  0.338622
 0.276375  0.541285  -0.79412  0.534648
        0         0         0         1

 0.0287495  -0.926006  -0.376413  -0.168643
 -0.996628 0.00239797 -0.0820192   0.113149
 0.0768529   0.377501  -0.922814   0.562879
         0          0          0          1

-0.427342  0.734244 -0.527508 -0.163427
-0.816259 -0.564207 -0.124061  0.223987
-0.388715  0.377567  0.840443   0.97036
        0         0         0         1

-0.0153391  -0.999666 -0.0208181   0.307041
  0.998794  -0.014348 -0.0469519   0.160278
 0.0466375 -0.0215132    0.99868   0.963289
         0          0          0          1

-0.803289 -0.508614 -0.309901 0.0187006
 0.591078 -0.616864 -0.519717  0.169119
 0.073168 -0.600658  0.796151   1.05013
        0         0         0         1

 -0.170034  -0.972912   0.156624   0.292412
 -0.939047   0.111777  -0.325112 -0.0493838
  0.298798  -0.202357  -0.932615   0.580473
         0          0          0          1

  -0.270324   -0.742441   -0.612949 -0.00255187
   -0.31534   -0.533256    0.784983    0.401805
  -0.909662    0.405487  -0.0899699    0.872532
          0           0           0           1

 0.638871  0.729058 -0.245598 -0.137938
-0.313469  0.538236   0.78233  0.404723
 0.702553  -0.42282    0.5724   1.01185
        0         0         0         1

  0.062856  -0.991855   0.110782 0.00239486
 -0.994351 -0.0717509  -0.078221   0.142194
 0.0855327   -0.10524  -0.990762   0.438373
         0          0          0          1

  0.36737  0.223729  0.902765  0.292844
-0.929482 0.0536651  0.364942   0.34205
0.0332013 -0.973173  0.227667  0.697027
        0         0         0         1

  0.155007  -0.783903   0.601222    0.46805
  0.928063   -0.09306   -0.36061 -0.0290118
  0.338633   0.613869   0.713086   0.864801
         0          0          0          1

-0.553041 -0.584184 -0.594032 -0.265425
  0.53721 -0.795017  0.281698  0.257903
-0.636829  -0.16333  0.753506   1.06247
        0         0         0         1

   0.68588  -0.720817 -0.0999552  0.0310531
  -0.71028  -0.633216  -0.307473   0.112276
  0.158339   0.281886  -0.946292   0.469893
         0          0          0          1

-0.659003  0.375492 -0.651706 -0.177813
-0.741639 -0.468684  0.479903   0.31062
-0.125244  0.799588  0.587344   1.02713
        0         0         0         1

-0.781847 -0.584802  0.216152  0.123043
 0.623266 -0.741999  0.246935  0.389965
0.0159761  0.327786  0.944617   0.94931
        0         0         0         1

 -0.64053  0.681535  -0.35388 -0.134347
-0.411363 0.0846155  0.907536   0.35962
 0.648461  0.726877   0.22616  0.759126
        0         0         0         1

-0.613958 -0.322778 -0.720326 -0.145742
 0.686901 -0.668063  -0.28611 0.0897025
-0.388873 -0.670453  0.631879   1.01453
        0         0         0         1

 0.906298 -0.392465   0.15683  0.259898
-0.0205967 -0.411646 -0.911111 -0.158596
 0.422138  0.822508 -0.381157   0.51752
        0         0         0         1

 0.0837681  -0.677426   0.730806   0.471548
 -0.270737  -0.721269  -0.637552 -0.0720293
  0.959002  -0.144449  -0.243823   0.705558
         0          0          0          1

  0.670803  0.0673692  -0.738569  -0.339447
-0.0930039   0.995646 0.00634823   0.221275
  0.735781  0.0644314   0.674148   0.970973
         0          0          0          1

  0.773181  -0.581777  -0.252441  -0.174785
 -0.556116  -0.813308   0.171072  0.0977609
 -0.304838 0.00811686   -0.95237   0.628218
         0          0          0          1

-0.310842  0.893367 -0.324458 -0.324394
 0.596565  0.449135  0.665122  0.194631
 0.739924 0.0131875 -0.672562  0.574631
        0         0         0         1

 -0.433514  -0.802592   0.409769   0.339134
  0.708251 -0.0223024   0.705609   0.359135
 -0.557177   0.596111   0.578105   0.931981
         0          0          0          1

 0.294549 -0.661531   0.68965  0.269229
 0.492261 -0.513525 -0.702831 -0.175253
 0.819097  0.546506  0.174388  0.719688
        0         0         0         1

-0.135771  0.534918 -0.833924 -0.344435
 0.979922 -0.051546 -0.192605  0.108414
-0.146013  -0.84333 -0.517179  0.723516
        0         0         0         1

-0.764656  0.338447  0.548412  0.375289
 0.482738   0.86458   0.13952  0.085418
-0.426925  0.371424 -0.824487  0.614643
        0         0         0         1

 0.935622  0.242866  0.256177   0.13046
0.0727184 -0.842749  0.533372  0.439897
 0.345431 -0.480406 -0.806156  0.633002
        0         0         0         1

 -0.678436   -0.73457 -0.0114616    0.22072
  0.725131  -0.672061   0.150066 -0.0793406
 -0.117937   0.093499    0.98861   0.973728
         0          0          0          1

-0.0686118    0.99364 -0.0892895  -0.186365
  0.139583  0.0981812   0.985331   0.437171
  0.987831  0.0551421  -0.145431   0.681246
         0          0          0          1

  0.329207  0.0613078   0.942266   0.348277
 -0.845266  -0.425662   0.323013   0.278686
   0.42089  -0.902803 -0.0883093   0.632054
         0          0          0          1

 0.938729  0.143885  0.313186 0.0567083
 0.333567 -0.150633 -0.930614 -0.295896
-0.0867249  0.978063 -0.189399  0.762375
        0         0         0         1

0.00600859 -0.765989 -0.642826  0.032999
 0.431366 -0.577966  0.692733  0.270122
-0.902157 -0.281455  0.326948   0.97476
        0         0         0         1

-0.666984  -0.34396 -0.660927 -0.191862
-0.731641  0.470034  0.493731   0.36541
 0.140835  0.812871  -0.56516  0.714531
        0         0         0         1

 0.491839 -0.487356 -0.721511 -0.288254
 0.119289 -0.783138  0.610299  0.287093
-0.862476 -0.386237 -0.327042  0.642967
        0         0         0         1

 0.304261  0.410115 -0.859785 -0.362172
-0.436188  0.862377  0.256993  0.220786
 0.846856  0.296835  0.441276  0.934595
        0         0         0         1

  0.641477   0.617823  -0.454754  -0.160533
  0.591407 -0.0207078   0.806107   0.390325
  0.488615  -0.786044  -0.378669   0.600496
         0          0          0          1

  0.214001   0.894214  -0.393172  0.0237067
 -0.830792 -0.0450935  -0.554754   0.100104
 -0.513798   0.445362   0.733256    1.05342
         0          0          0          1

 0.348909  0.376801   0.85807  0.458783
-0.196652 -0.865787  0.460153  0.166253
 0.916292 -0.329293 -0.227982  0.684287
        0         0         0         1

-0.322943  0.874259  0.362463  0.360087
-0.391736 -0.472115  0.789715  0.295438
  0.86154  0.113044  0.494945  0.968797
        0         0         0         1

-0.810197  0.259195 -0.525736 -0.278638
 0.535179  0.692952 -0.483116 -0.110611
 0.239088 -0.672782 -0.700143  0.572949
        0         0         0         1

 0.0553327 -0.0916792    0.99425   0.354867
  0.920123  -0.381973 -0.0864289   0.141149
    0.3877   0.919615  0.0632205   0.699428
         0          0          0          1

 -0.987996   0.134111  0.0766672 -0.0138932
-0.0751154  -0.850747    0.52018   0.385639
  0.134986   0.508177   0.850608   0.944781
         0          0          0          1

-0.0516382 -0.0755652   0.995803   0.311892
  0.490578   -0.87045 -0.0406136 -0.0254859
  0.869866   0.486422  0.0820191   0.740602
         0          0          0          1

-0.662252 -0.186495  0.725701  0.434729
 -0.20568 -0.886077 -0.415407 0.0147203
 0.720499 -0.424366  0.548448   0.92464
        0         0         0         1

-0.175975  0.783144  0.596421  0.270631
-0.944511 -0.305039   0.12186  0.257908
 0.277365 -0.541882  0.793368  0.829673
        0         0         0         1

  0.985838  -0.159638  0.0513795 -0.0630336
  -0.16433  -0.858427     0.4859   0.293734
-0.0334626  -0.487462  -0.872503    0.49186
         0          0          0          1

-0.916373 0.0857202   0.39104  0.194801
0.0487869 -0.945612  0.321617   0.42596
 0.397342  0.313799  0.862352  0.931324
        0         0         0         1

  0.941019   0.324461 -0.0959549   0.017737
  0.338246  -0.894981   0.290859    0.35354
0.00849457   -0.30616  -0.951942   0.603178
         0          0          0          1

  0.253902   0.702605   0.664741   0.428291
 -0.929509 -0.0128163   0.368578    0.25051
  0.267484  -0.711465   0.649823    0.83868
         0          0          0          1

0.0342328   0.31118 -0.949734 -0.179767
-0.492878 -0.821435 -0.286908  0.150868
-0.869425  0.477925  0.125254  0.969495
        0         0         0         1

-0.734866  0.552192 -0.393771  0.229717
-0.676037 -0.642868  0.360133  0.164032
-0.0542805  0.530853  0.845724  0.990306
        0         0         0         1

 0.894308 -0.435967  0.100726  0.190525
-0.0775513 0.0706833   0.99448  0.471012
 -0.44068 -0.897183 0.0294029  0.860897
        0         0         0         1

  0.982385   0.175696 -0.0636516  -0.208144
  0.147272  -0.518247   0.842455   0.199556
  0.115028  -0.836989  -0.534993   0.577433
         0          0          0          1

 -0.205266  -0.820875   0.532945   0.317201
  0.965376 -0.0802501   0.248212    0.11638
 -0.160982   0.565441   0.808926    1.10652
         0          0          0          1

 -0.521156    -0.8527 -0.0360371  0.0671667
 -0.443639    0.23459   0.864958   0.441224
 -0.729096   0.466765  -0.500549   0.660192
         0          0          0          1

  0.197225  0.0132445  -0.980269  -0.407192
  0.960468  -0.203008   0.190499   0.152037
 -0.196479  -0.979088 -0.0527592   0.649314
         0          0          0          1

 0.524484 -0.372198  0.765758  0.457901
 0.843459  0.104426 -0.526947 -0.144647
 0.116163   0.92226  0.368703  0.811776
        0         0         0         1

 0.879462 -0.245136  0.407989 0.0107607
-0.473963 -0.529652   0.70344  0.381686
0.0436529 -0.812021 -0.581994  0.562829
        0         0         0         1

-0.182517 -0.941223  0.284231  0.309088
  0.65881 0.0975134  0.745963  0.162202
-0.729834  0.323405  0.602289   1.03116
        0         0         0         1

-0.0982772  0.614629  0.782671  0.482367
-0.968123 -0.241125 0.0677911 0.0679193
 0.230388 -0.751059  0.618733  0.843714
        0         0         0         1

-0.0669441  -0.862778  -0.501131  -0.075288
   0.16195  -0.504993   0.847794   0.361136
 -0.984526 -0.0244035   0.173534    0.95426
         0          0          0          1

  0.993721  -0.106908 -0.0330139  -0.140693
 -0.110658  -0.982682  -0.148628 -0.0393957
-0.0165527   0.151348  -0.988342   0.540982
         0          0          0          1

 -0.966278 -0.0917798    0.24059    0.32506
 0.0423169   -0.97822  -0.203213 -0.0230902
  0.254001  -0.186179   0.949116   0.964335
         0          0          0          1

