{
  "mono": {
    "usb-e-con_systems_See3CAM_CU135_2B08CD07-video-index0": {
      "(1920, 1080)": {
        "100": {
          "K": [
            [447.46644757098125, 0.0, 963.9356608052669],
            [0.0, 448.14645247470617, 541.5565327547065],
            [0.0, 0.0, 1.0]
          ],
          "D": [
            [-0.019371848032995968],
            [0.02313548245564178],
            [-0.032147003128263484],
            [0.010688050087821832]
          ]
        }
      }
    },
    "usb-046d_080a_2DE7B460-video-index0": {
      "(640, 480)": {
        "100": {
          "K": [
            [214.62539494017759, 0.0, 324.14159254356645],
            [0.0, 214.0070944677594, 203.76445970841783],
            [0.0, 0.0, 1.0]
          ],
          "D": [
            [-0.03353999588164569],
            [0.06361395930657184],
            [-0.075230064393821],
            [0.05199295800286497]
          ]
        }
      }
    },
    "usb-e-con_systems_See3CAM_CU135_2606CD07-video-index0": {
      "(1920, 1080)": {
        "100": {
          "K": [
            [447.46644757098125, 0.0, 963.9356608052669],
            [0.0, 448.14645247470617, 541.5565327547065],
            [0.0, 0.0, 1.0]
          ],
          "D": [
            [-0.019371848032995968],
            [0.02313548245564178],
            [-0.032147003128263484],
            [0.010688050087821832]
          ]
        }
      }
    },
    "usb-046d_080a_17E79161-video-index0": {
      "(640, 480)": {
        "100": {
          "K": [
            [214.62539494017759, 0.0, 324.14159254356645],
            [0.0, 214.0070944677594, 203.76445970841783],
            [0.0, 0.0, 1.0]
          ],
          "D": [
            [-0.03353999588164569],
            [0.06361395930657184],
            [-0.075230064393821],
            [0.05199295800286497]
          ]
        }
      }
    }
  },
  "stereo": {
    "['usb-e-con_systems_See3CAM_CU135_2606CD07-video-index0', 'usb-e-con_systems_See3CAM_CU135_2B08CD07-video-index0']": {
      "(1920, 1080)": {
        "[200, 200]": {
          "R_left": [
            [0.979130957662258, -0.19680817169020406, -0.050686401562437804],
            [0.19680817169020406, 0.9804290583732809, -0.005040342571793182],
            [0.050686401562437804, -0.005040342571793182, 0.9987018992889771]
          ],
          "R_right": [
            [0.979130957662258, -0.19680817169020406, -0.050686401562437804],
            [0.19680817169020406, 0.9804290583732809, -0.005040342571793182],
            [0.050686401562437804, -0.005040342571793182, 0.9987018992889771]
          ],
          "D_left": [
            [0.010945510864546435],
            [-0.042033221033763175],
            [0.03385748050534437],
            [-0.00979889194762669]
          ],
          "K_left": [
            [884.1070618659024, 0.0, 959.6943214824502],
            [0.0, 882.6398886109533, 547.8972350604223],
            [0.0, 0.0, 1.0]
          ],
          "D_right": [
            [0.01094551086454626],
            [-0.04203322103376248],
            [0.03385748050534332],
            [-0.009798891947626197]
          ],
          "P_left": [
            [807.7393835611114, 0.0, 1075.3406034860623, 0.0],
            [0.0, 807.7393835611114, 570.1174397084148, 0.0],
            [0.0, 0.0, 1.0, 0.0]
          ],
          "K_right": [
            [884.1070618659024, 0.0, 959.69432148245],
            [0.0, 882.6398886109533, 547.8972350604223],
            [0.0, 0.0, 1.0]
          ],
          "Q": [
            [1.0, 0.0, 0.0, -1075.3406034860623],
            [0.0, 1.0, 0.0, -570.1174397084148],
            [0.0, 0.0, 0.0, 807.7393835611114],
            [0.0, 0.0, 2223912240558926.5, -0.0]
          ],
          "R": [
            [1.0, -2.4121628091481042e-17, 2.7252704959850555e-16],
            [2.4121628091481042e-17, 1.0, -8.197807231511683e-17],
            [-2.7252704959850555e-16, 8.197807231511683e-17, 1.0]
          ],
          "T": [
            [-4.402740988629018e-16],
            [8.849637503714659e-17],
            [2.2791547543125585e-17]
          ],
          "P_right": [
            [807.7393835611114, 0.0, 1075.3406034860623, -3.632065010614383e-13],
            [0.0, 807.7393835611114, 570.1174397084148, 0.0],
            [0.0, 0.0, 1.0, 0.0]
          ]
        }
      }
    },
    "['usb-046d_080a_2DE7B460-video-index0', 'usb-046d_080a_17E79161-video-index0']": {
      "(640, 480)": {
        "[100, 100]": {
          "R_left": [
            [0.8631418686493039, -0.4432419059822954, -0.2419147109329441],
            [0.4432419059822954, 0.8945526422197547, -0.057551568865128265],
            [0.2419147109329441, -0.057551568865128265, 0.9685892264295491]
          ],
          "R_right": [
            [0.8631418686493039, -0.4432419059822954, -0.2419147109329441],
            [0.4432419059822954, 0.8945526422197547, -0.057551568865128265],
            [0.2419147109329441, -0.057551568865128265, 0.9685892264295491]
          ],
          "D_left": [
            [-0.007973921450205283],
            [0.009204818420124238],
            [-0.008420585990966446],
            [0.0034785076555120236]
          ],
          "K_left": [
            [213.7351723201551, 0.0, 323.81173890546904],
            [0.0, 213.6418685832702, 198.56005790420346],
            [0.0, 0.0, 1.0]
          ],
          "D_right": [
            [-0.007973921450206627],
            [0.009204818420128002],
            [-0.008420585990970184],
            [0.0034785076555132375]
          ],
          "P_left": [
            [84.57022613133871, 0.0, 208.2765620029367, 0.0],
            [0.0, 84.57022613133871, 94.61012179301252, 0.0],
            [0.0, 0.0, 1.0, 0.0]
          ],
          "K_right": [
            [213.73517232015513, 0.0, 323.8117389054691],
            [0.0, 213.64186858327022, 198.56005790420343],
            [0.0, 0.0, 1.0]
          ],
          "Q": [
            [1.0, 0.0, 0.0, -208.2765620029367],
            [0.0, 1.0, 0.0, -94.61012179301252],
            [0.0, 0.0, 0.0, 84.57022613133871],
            [0.0, 0.0, 595215969664629.2, -0.0]
          ],
          "R": [
            [1.0, 0.0, 0.0],
            [0.0, 1.0, 0.0],
            [0.0, 0.0, 1.0]
          ],
          "T": [
            [-1.4501322421433615e-15],
            [7.446740823033314e-16],
            [4.064318218297292e-16]
          ],
          "P_right": [
            [84.57022613133871, 0.0, 208.2765620029367, -1.420832612723568e-13],
            [0.0, 84.57022613133871, 94.61012179301252, 0.0],
            [0.0, 0.0, 1.0, 0.0]
          ]
        }
      }
    }
  }
}